100 2349 1
47 99 6488
47 97 4836
47 96 1042
47 95 4878
47 94 4848
47 93 6392
47 92 9084
47 91 5078
47 90 2592
47 88 5294
47 87 5302
47 85 304
47 84 6074
47 82 2346
47 81 5878
47 80 5540
47 79 8140
47 78 7022
47 77 2854
47 76 3668
47 75 9266
47 74 4852
47 73 6092
47 72 2164
47 71 9882
47 70 2974
47 69 2018
47 68 7536
47 67 2572
47 66 934
47 65 6182
47 64 564
47 63 9768
47 62 5264
47 61 5910
47 59 5818
47 57 424
47 55 6246
47 54 9194
47 53 3914
47 52 8152
47 51 1700
47 50 7534
47 48 4878
46 99 1952
46 98 8472
46 97 1150
46 96 3638
46 95 14
46 94 5540
46 93 6990
46 92 9908
46 91 3608
46 90 5912
46 89 6344
46 88 5000
46 87 1290
46 86 3878
46 84 1244
46 83 6816
46 82 5002
46 81 6550
46 80 8604
46 79 7956
46 78 972
46 77 9372
46 76 7558
46 73 8412
46 72 5658
46 71 6822
46 69 5126
46 68 1632
46 67 6470
46 66 1384
46 65 738
46 63 8454
46 62 3076
46 61 1102
46 60 1198
46 59 5786
46 58 9436
46 57 7764
46 56 2342
46 55 594
46 53 1150
46 52 6822
46 50 5202
46 49 7334
46 48 9006
46 47 6622
45 99 9666
45 97 9706
45 95 6486
45 94 6114
45 93 1738
45 92 1696
45 91 168
45 90 4808
45 89 2790
45 88 9168
45 87 6334
45 86 6536
45 85 4050
45 84 2292
45 83 4718
45 82 3850
45 81 9176
45 80 4520
45 79 654
45 77 7788
45 75 9864
45 74 9094
45 73 5960
45 72 8862
45 71 4174
45 70 1346
45 69 2078
45 68 3482
45 67 2882
45 66 4922
45 65 8030
45 64 2760
45 63 4478
45 61 7850
45 59 6512
45 58 8058
45 57 4938
45 56 7480
45 54 9144
45 53 9128
45 52 8116
45 51 6976
45 48 2074
45 47 6570
45 46 3974
44 99 5826
44 98 7694
44 97 7626
44 96 9646
44 95 4004
44 94 8526
44 93 2062
44 92 3406
44 91 8342
44 90 2900
44 89 6646
44 88 7916
44 87 8646
44 86 3980
44 85 6116
44 84 7850
44 83 6276
44 82 6128
44 79 722
44 78 2634
44 77 2396
44 76 7100
44 73 1850
44 71 4794
44 69 8488
44 67 5180
44 65 8958
44 64 6432
44 63 6728
44 62 3756
44 61 2632
44 60 8288
44 59 5854
44 58 2776
44 55 9330
44 53 9802
44 52 4690
44 51 2524
44 50 7636
44 49 3980
44 47 2668
44 46 4766
44 45 3036
43 99 8610
43 98 3376
43 97 9220
43 96 2324
43 95 9962
43 93 2644
43 91 8194
43 90 9646
43 89 3780
43 88 8850
43 85 3540
43 84 1742
43 82 9446
43 81 6336
43 80 6270
43 79 5824
43 78 9902
43 77 156
43 76 6816
43 75 8198
43 74 8690
43 71 6004
43 69 6656
43 68 18
43 67 5188
43 64 9828
43 62 6230
43 60 1426
43 59 7508
43 58 6052
43 56 9206
43 54 8520
43 52 8866
43 51 660
43 50 9676
43 49 7512
43 48 1320
43 47 4190
43 46 6164
43 45 8082
43 44 8446
42 98 4096
42 97 8108
42 94 7210
42 93 5324
42 92 5960
42 91 9958
42 89 9000
42 88 1480
42 87 7240
42 85 1710
42 84 8862
42 83 4522
42 82 1806
42 81 5074
42 80 6174
42 78 9648
42 75 5776
42 73 2666
42 72 3262
42 71 8780
42 69 7812
42 67 8284
42 65 9614
42 63 760
42 62 6386
42 61 9716
42 60 3190
42 59 8044
42 58 1938
42 57 7812
42 56 7306
42 55 9306
42 54 1796
42 53 5772
42 52 2048
42 51 9194
42 50 5800
42 49 510
42 48 4524
42 47 4126
42 46 6982
42 45 4288
42 44 8186
42 43 5342
41 98 7786
41 97 8012
41 96 1936
41 95 6288
41 94 5698
41 93 8842
41 92 8780
41 89 7562
41 88 9580
41 87 5950
41 85 6790
41 83 6284
41 82 4808
41 80 2552
41 79 1440
41 78 2290
41 77 3556
41 76 2788
41 75 7562
41 74 6218
41 72 708
41 71 1820
41 70 1008
41 65 4828
41 64 6234
41 63 7270
41 62 5596
41 60 7508
41 57 2976
41 56 2258
41 55 3080
41 54 4518
41 51 9812
41 49 6574
41 48 5478
41 45 9070
41 43 5458
41 42 3800
40 98 4934
40 96 7888
40 95 6632
40 93 8270
40 92 7310
40 91 1908
40 90 9136
40 89 5480
40 88 1712
40 87 2892
40 86 4676
40 85 2872
40 84 5586
40 83 3066
40 82 5416
40 81 3528
40 80 9312
40 79 8678
40 78 6844
40 77 30
40 76 1448
40 75 724
40 73 2502
40 72 1132
40 71 5470
40 70 1238
40 69 3158
40 67 2086
40 66 9748
40 65 2718
40 64 7186
40 63 5724
40 61 1082
40 60 7266
40 57 9524
40 56 6496
40 55 3188
40 54 7910
40 52 2784
40 51 7628
40 49 3540
40 48 9584
40 47 894
40 45 2354
40 44 1528
40 43 4338
40 42 9406
40 41 5930
39 99 4686
39 98 3696
39 96 3776
39 94 4420
39 92 992
39 90 1044
39 86 8344
39 85 8838
39 84 3854
39 83 2482
39 82 154
39 81 5992
39 80 3476
39 79 20
39 78 9920
39 77 9884
39 76 8184
39 75 5650
39 72 2204
39 71 5088
39 70 3840
39 69 6288
39 68 1652
39 66 8380
39 64 880
39 63 100
39 62 9988
39 61 8126
39 60 8114
39 58 2552
39 55 862
39 54 6780
39 53 3652
39 52 3130
39 50 3674
39 49 930
39 47 6570
39 46 4452
39 45 9124
39 44 5640
39 41 1042
39 40 800
38 99 2084
38 97 6792
38 96 2112
38 95 3962
38 94 2466
38 91 572
38 90 3714
38 87 3850
38 86 3708
38 84 438
38 82 9534
38 81 9640
38 80 4836
38 78 510
38 77 2928
38 75 6230
38 74 144
38 73 3180
38 72 3836
38 71 3046
38 70 2124
38 68 9504
38 67 2306
38 66 4344
38 65 3008
38 64 564
38 63 8320
38 62 828
38 61 3918
38 60 3004
38 59 4878
38 58 2878
38 56 388
38 54 8050
38 52 2760
38 51 3216
38 50 8420
38 49 6034
38 48 3778
38 47 2618
38 46 1302
38 45 8070
38 44 9050
38 43 2694
38 42 8860
38 41 3952
38 39 1816
37 98 4542
37 95 1104
37 94 7314
37 93 7034
37 92 6086
37 90 6178
37 89 2424
37 88 9200
37 85 2688
37 83 3576
37 82 2796
37 80 7404
37 78 982
37 77 784
37 75 196
37 74 1402
37 73 5388
37 72 6718
37 69 1948
37 67 4934
37 66 3850
37 65 4336
37 64 910
37 63 1358
37 62 9724
37 61 2958
37 59 2134
37 58 8060
37 57 5926
37 56 5376
37 55 32
37 54 9128
37 52 7960
37 51 5272
37 50 4182
37 48 2670
37 47 4966
37 46 4822
37 45 5838
37 44 4104
37 43 6034
37 41 4430
37 40 6446
37 38 7290
36 99 4626
36 98 6086
36 96 4688
36 95 7568
36 93 7086
36 92 8946
36 91 3328
36 90 4092
36 88 5196
36 87 5652
36 86 5408
36 85 7414
36 84 14
36 83 5718
36 82 7212
36 80 2426
36 79 8420
36 78 1160
36 77 3044
36 76 7610
36 73 9960
36 72 2466
36 71 9744
36 70 1616
36 69 9898
36 68 8468
36 65 6466
36 64 6968
36 63 7898
36 62 5762
36 61 2262
36 60 2588
36 59 4064
36 57 4962
36 54 3202
36 53 6254
36 51 6038
36 49 8598
36 48 2036
36 47 5376
36 46 5224
36 44 9150
36 43 760
36 42 2178
36 41 6666
36 40 8428
36 38 1860
36 37 3128
35 99 6458
35 98 310
35 97 620
35 96 2138
35 95 990
35 93 1538
35 92 1752
35 91 8794
35 89 1402
35 86 936
35 83 2290
35 82 6358
35 81 902
35 80 6112
35 79 4526
35 78 138
35 77 2172
35 76 5084
35 75 6522
35 74 8702
35 73 9854
35 72 5026
35 71 9268
35 70 8004
35 69 5698
35 68 8368
35 67 1196
35 66 9018
35 65 4402
35 64 9652
35 62 6280
35 61 1052
35 60 3702
35 59 2956
35 54 4102
35 53 6846
35 52 8862
35 51 7400
35 50 9076
35 49 5772
35 46 7690
35 45 5358
35 43 5024
35 42 1056
35 40 7434
35 39 6076
35 38 1022
35 37 7488
34 97 1202
34 96 6376
34 95 1966
34 93 818
34 92 5006
34 89 8408
34 88 4684
34 87 836
34 86 4228
34 85 7690
34 83 7748
34 82 4202
34 81 8452
34 80 1988
34 79 82
34 77 3592
34 76 3042
34 75 1410
34 74 1932
34 73 4950
34 71 2256
34 69 9088
34 68 7952
34 67 2970
34 66 6428
34 65 5992
34 64 8410
34 63 4388
34 62 3380
34 60 4518
34 58 9742
34 57 5918
34 56 7466
34 55 7242
34 54 1056
34 52 6366
34 49 3246
34 45 3308
34 41 7970
34 38 2924
34 37 2134
34 36 3450
33 98 2840
33 96 4328
33 95 3006
33 94 3378
33 93 3586
33 92 3986
33 90 4134
33 89 7182
33 88 1912
33 87 5652
33 86 224
33 84 9556
33 82 2326
33 81 5254
33 79 3320
33 78 5972
33 77 5682
33 76 4254
33 75 846
33 74 4622
33 73 8238
33 71 3016
33 69 5720
33 68 862
33 67 4330
33 65 3994
33 63 7114
33 60 3210
33 59 1356
33 58 8878
33 56 7168
33 55 2928
33 54 9542
33 53 2680
33 52 2284
33 51 2578
33 50 9232
33 49 4712
33 47 2702
33 46 3182
33 45 1750
33 44 5996
33 43 4832
33 42 8212
33 41 7180
33 40 9926
33 38 7274
33 37 2640
33 36 942
33 35 7412
32 98 2060
32 97 6064
32 96 634
32 95 1628
32 93 2668
32 92 7100
32 91 3454
32 89 514
32 88 4266
32 87 8742
32 86 2666
32 85 8166
32 83 1158
32 82 5056
32 81 2182
32 80 2146
32 79 6076
32 78 4474
32 77 5596
32 76 4568
32 75 2800
32 74 8412
32 73 8734
32 71 9472
32 69 8932
32 68 5034
32 67 3496
32 66 6430
32 63 2926
32 62 4740
32 61 2418
32 60 3778
32 59 3762
32 58 5930
32 56 5110
32 54 8382
32 53 5580
32 52 8594
32 51 8878
32 50 5454
32 48 7496
32 46 1328
32 45 1036
32 44 8100
32 43 7538
32 42 1166
32 41 6282
32 40 4422
32 38 2682
32 37 4818
32 33 9848
31 98 7808
31 97 4260
31 95 8580
31 94 5162
31 93 1148
31 92 8610
31 91 2294
31 90 6284
31 87 4638
31 85 6318
31 84 1196
31 83 3008
31 82 3248
31 81 3160
31 80 8874
31 79 3304
31 78 5728
31 77 7318
31 76 8424
31 75 5954
31 72 1880
31 71 8820
31 70 8492
31 68 560
31 67 2992
31 66 1618
31 65 190
31 64 5482
31 63 6692
31 62 8638
31 61 8824
31 60 2208
31 58 7580
31 57 6064
31 56 2958
31 54 9072
31 53 3264
31 52 2132
31 51 2946
31 50 2116
31 49 8110
31 48 7748
31 47 5552
31 46 1830
31 45 4512
31 44 9462
31 43 1552
31 42 8124
31 41 9936
31 39 9444
31 37 2726
31 36 1926
31 34 9792
31 32 6760
30 99 522
30 97 3370
30 96 5808
30 95 5218
30 93 1728
30 92 474
30 91 7412
30 90 452
30 89 3342
30 88 6332
30 87 7628
30 85 4578
30 84 9108
30 83 142
30 82 2640
30 79 6240
30 78 5350
30 76 1704
30 75 9568
30 72 5278
30 70 1966
30 69 5736
30 68 9790
30 67 9456
30 66 9572
30 64 5060
30 63 3066
30 62 9300
30 61 6744
30 60 198
30 59 8728
30 58 6796
30 57 242
30 56 54
30 54 5596
30 51 4200
30 50 1796
30 48 3426
30 47 6638
30 46 3502
30 45 3828
30 44 3286
30 43 3254
30 42 2092
30 38 3694
30 36 6202
30 33 7644
30 32 8084
30 31 5772
29 98 3058
29 97 3744
29 95 2466
29 94 9292
29 93 4374
29 92 3760
29 91 9200
29 90 6464
29 89 4554
29 88 7786
29 83 3624
29 82 1448
29 77 7262
29 76 2700
29 75 6248
29 74 958
29 73 9450
29 72 1946
29 69 408
29 68 8760
29 67 8410
29 63 4382
29 62 8672
29 61 5766
29 60 2214
29 59 7284
29 58 9644
29 57 1980
29 56 7010
29 55 1940
29 54 5032
29 53 1672
29 50 8406
29 49 7120
29 46 8296
29 45 4726
29 44 4618
29 42 1382
29 41 9734
29 40 4088
29 39 6104
29 38 6480
29 37 1540
29 35 6976
29 34 326
29 33 6138
29 32 996
29 31 8604
29 30 7842
28 99 1450
28 98 968
28 97 1848
28 96 5414
28 95 9128
28 94 4434
28 93 2402
28 92 3692
28 91 5628
28 88 2278
28 87 3642
28 86 4316
28 84 8018
28 83 1924
28 82 1918
28 81 2394
28 79 3356
28 77 3442
28 72 7062
28 71 3858
28 70 5264
28 68 5890
28 67 7620
28 66 9092
28 65 4448
28 63 5414
28 62 5154
28 61 4626
28 60 9760
28 58 1862
28 57 7194
28 56 2320
28 55 7544
28 54 2200
28 53 1326
28 52 616
28 51 2438
28 50 9234
28 49 7620
28 48 5260
28 47 9622
28 44 9270
28 43 4834
28 41 7434
28 40 5484
28 39 3214
28 38 4064
28 37 7402
28 36 2818
28 34 8620
28 31 9330
28 30 5658
27 99 8432
27 97 3466
27 96 6972
27 94 9144
27 93 5118
27 92 7464
27 91 1860
27 90 9402
27 88 5198
27 86 2788
27 85 4958
27 84 9004
27 83 910
27 81 4392
27 79 8598
27 77 1468
27 76 6730
27 73 6712
27 72 7254
27 71 3540
27 69 3728
27 67 3148
27 64 7980
27 63 7282
27 62 2262
27 61 3060
27 60 4206
27 58 6414
27 56 2784
27 54 5452
27 52 3164
27 50 9664
27 49 1002
27 47 8962
27 46 6912
27 45 9878
27 42 994
27 41 8862
27 40 2378
27 37 4836
27 36 6914
27 35 4512
27 34 6818
27 32 7682
27 29 1244
27 28 9588
26 99 980
26 98 3510
26 97 268
26 96 9502
26 95 2854
26 94 8994
26 93 8870
26 92 9764
26 91 6990
26 90 4526
26 88 5282
26 87 5350
26 85 9436
26 84 890
26 82 2534
26 81 1996
26 80 7704
26 78 2932
26 76 8612
26 75 8400
26 74 7522
26 73 9370
26 71 6166
26 70 7472
26 69 2044
26 68 140
26 66 2622
26 64 5512
26 63 1652
26 62 9070
26 59 7872
26 58 4022
26 57 2610
26 56 2000
26 55 742
26 49 2776
26 48 7314
26 45 356
26 44 7282
26 43 4166
26 40 370
26 39 6610
26 38 5796
26 37 1312
26 35 8846
26 34 4268
26 33 6018
26 32 6634
26 30 3526
26 29 5950
26 28 5662
25 99 4776
25 98 7168
25 96 2756
25 95 4332
25 94 4732
25 93 1732
25 90 5956
25 89 7568
25 86 5584
25 84 3932
25 83 8380
25 82 3910
25 81 932
25 80 6980
25 79 6462
25 78 3126
25 77 7056
25 76 2364
25 75 8586
25 74 7924
25 71 5724
25 69 3888
25 68 1246
25 67 1010
25 66 9630
25 65 1640
25 64 9334
25 62 9784
25 61 7576
25 60 3204
25 58 3268
25 56 1808
25 55 2398
25 53 1618
25 52 5704
25 51 4082
25 48 9976
25 47 4918
25 46 7936
25 44 416
25 42 9230
25 38 5792
25 37 2856
25 36 4476
25 35 8614
25 34 392
25 33 2528
25 32 4766
25 30 888
25 29 4112
25 28 2860
25 27 3920
25 26 4142
24 99 5892
24 98 8940
24 97 5046
24 96 572
24 95 2762
24 93 4614
24 92 5778
24 90 8736
24 89 600
24 88 6870
24 86 4066
24 83 6906
24 80 8094
24 79 1782
24 78 9144
24 77 9722
24 76 6974
24 74 3636
24 71 1288
24 70 5006
24 67 7680
24 66 4294
24 64 1148
24 63 900
24 61 588
24 59 5038
24 57 8162
24 53 2906
24 48 8134
24 47 9414
24 45 98
24 44 5582
24 41 7624
24 40 5036
24 38 6888
24 37 7566
24 36 8172
24 35 8212
24 33 938
24 31 5606
24 29 8004
24 28 1348
24 26 972
24 25 1284
23 99 9398
23 98 5084
23 97 3986
23 96 8674
23 95 7780
23 94 8750
23 93 9586
23 91 8046
23 89 1804
23 88 8098
23 85 3664
23 84 6596
23 79 5712
23 78 424
23 77 4444
23 73 5646
23 72 1482
23 71 9666
23 69 5776
23 68 1340
23 66 5808
23 65 4740
23 61 6970
23 60 7902
23 58 9198
23 56 7172
23 54 5760
23 52 1280
23 50 678
23 49 3996
23 48 5784
23 47 1168
23 46 8008
23 45 2440
23 43 6002
23 42 696
23 41 4750
23 40 876
23 39 318
23 38 9694
23 36 5032
23 34 6904
23 33 7302
23 32 8594
23 31 7014
23 29 7652
23 28 3088
23 25 9996
22 99 462
22 97 7418
22 96 3564
22 95 5580
22 94 4278
22 93 7670
22 90 3670
22 89 4972
22 88 9224
22 87 5514
22 86 4906
22 85 6510
22 84 2664
22 82 7232
22 81 1864
22 80 5460
22 79 9850
22 78 3232
22 75 8892
22 74 8816
22 73 9890
22 71 5408
22 69 3022
22 68 3860
22 67 1352
22 66 8794
22 64 6028
22 63 3152
22 61 992
22 60 3688
22 59 1342
22 57 8586
22 56 4616
22 55 6404
22 53 9982
22 52 9042
22 51 7718
22 50 1100
22 47 946
22 45 5728
22 43 1548
22 42 1848
22 41 1794
22 40 1778
22 39 1666
22 36 1520
22 35 6338
22 34 4892
22 33 5034
22 31 3196
22 30 5458
22 27 6732
22 26 2914
22 25 9826
22 24 9824
22 23 6688
21 99 7758
21 98 4346
21 93 4670
21 90 3530
21 87 1358
21 86 2914
21 83 6732
21 82 1162
21 80 3888
21 79 7928
21 76 7872
21 74 4196
21 73 7848
21 72 6762
21 71 1992
21 70 3178
21 67 3820
21 63 6518
21 61 3126
21 58 300
21 57 9638
21 55 3836
21 54 5682
21 53 6422
21 52 5658
21 51 4094
21 49 6286
21 48 7644
21 46 9858
21 45 7746
21 44 6488
21 43 7312
21 42 8134
21 41 144
21 40 192
21 38 4424
21 37 8450
21 33 1492
21 32 7962
21 31 1152
21 29 5080
21 28 8544
21 26 6070
21 25 7924
21 23 2266
20 99 1058
20 98 2846
20 97 2928
20 96 2444
20 94 4620
20 93 3458
20 91 9038
20 89 5340
20 88 5860
20 86 2176
20 85 3658
20 84 802
20 82 4726
20 81 2942
20 79 898
20 78 3150
20 77 7964
20 75 3346
20 74 5786
20 72 3562
20 70 9828
20 69 1152
20 66 3944
20 64 6152
20 63 6060
20 62 1780
20 60 1204
20 57 5792
20 56 3210
20 53 5808
20 51 6462
20 50 1986
20 48 8008
20 47 2810
20 46 2836
20 45 5302
20 43 5314
20 42 2164
20 41 1380
20 40 7566
20 39 5320
20 38 1544
20 37 4430
20 35 7242
20 34 3452
20 33 1212
20 32 3800
20 31 9452
20 30 5534
20 29 4598
20 28 5584
20 26 830
20 21 2712
19 99 5346
19 98 1286
19 97 1610
19 96 4700
19 95 3780
19 93 1876
19 92 8774
19 89 1460
19 88 5890
19 86 9242
19 84 5458
19 83 8674
19 82 1536
19 81 914
19 79 7188
19 75 3324
19 72 296
19 71 4092
19 69 7374
19 68 352
19 67 2386
19 65 7636
19 59 3524
19 58 3390
19 57 2478
19 56 2622
19 55 304
19 54 8016
19 53 5874
19 52 5310
19 51 6090
19 50 7276
19 49 9772
19 47 7384
19 46 9040
19 44 1460
19 43 3816
19 41 2800
19 39 8870
19 38 2726
19 36 7282
19 34 2986
19 33 1008
19 32 4896
19 30 8478
19 29 2734
19 26 7624
19 25 2272
19 23 7368
19 22 698
19 21 2594
18 99 3272
18 98 8380
18 97 7124
18 96 1656
18 94 3660
18 93 9920
18 92 2358
18 91 4994
18 90 2750
18 89 8452
18 87 5422
18 86 5050
18 85 7330
18 84 9806
18 82 9558
18 81 9104
18 80 5802
18 79 2380
18 78 4050
18 76 4226
18 73 3428
18 72 7242
18 71 6800
18 70 5344
18 69 9014
18 68 9778
18 67 1888
18 66 7114
18 63 8206
18 62 7354
18 61 5816
18 60 2278
18 59 8946
18 58 9184
18 55 4062
18 54 540
18 53 9794
18 51 5290
18 47 9638
18 46 8434
18 45 2812
18 44 3232
18 42 7454
18 39 3876
18 34 9618
18 33 726
18 32 7968
18 31 2484
18 28 9294
18 26 5846
18 25 9322
18 24 5300
18 23 3852
18 21 9162
18 20 2670
18 19 1108
17 96 5864
17 93 5756
17 92 5314
17 90 5588
17 89 1022
17 88 7890
17 87 8902
17 83 6500
17 80 8320
17 78 5850
17 77 1914
17 75 298
17 74 9536
17 73 4554
17 72 9872
17 71 1296
17 69 806
17 68 9562
17 67 8300
17 63 1796
17 62 7288
17 60 1754
17 59 2482
17 58 334
17 57 4282
17 56 3754
17 54 4358
17 53 4638
17 52 8166
17 51 2
17 50 2034
17 48 1474
17 47 2172
17 45 6952
17 43 2796
17 42 3258
17 41 1378
17 40 5086
17 39 440
17 38 1430
17 36 9666
17 35 9744
17 33 2018
17 30 4266
17 28 4732
17 27 2460
17 25 4772
17 24 3440
17 22 3656
17 20 8654
17 19 9680
17 18 5748
16 98 8684
16 97 4884
16 96 4866
16 95 272
16 93 816
16 92 372
16 89 8046
16 88 4972
16 87 5680
16 85 1596
16 84 2542
16 83 2528
16 82 4966
16 80 2400
16 79 2876
16 77 7302
16 76 634
16 75 5112
16 73 9786
16 72 5870
16 71 8050
16 68 4218
16 67 6666
16 66 3796
16 65 6298
16 64 2680
16 62 5774
16 61 7612
16 60 7260
16 59 254
16 55 2682
16 54 3712
16 51 5230
16 49 3568
16 48 5016
16 47 702
16 46 7210
16 45 9542
16 44 1788
16 43 5364
16 41 3590
16 38 6422
16 37 7318
16 32 8664
16 31 7208
16 30 6980
16 29 5536
16 26 4608
16 24 3050
16 23 8206
16 22 8482
16 20 1252
16 19 1264
16 17 5920
15 99 7142
15 98 2282
15 97 1852
15 96 1602
15 95 6466
15 94 150
15 92 1040
15 90 426
15 89 6964
15 88 8426
15 86 9274
15 82 5756
15 81 3804
15 79 9292
15 77 3148
15 76 9362
15 72 2864
15 70 684
15 67 9712
15 65 4580
15 64 2974
15 63 8196
15 62 1128
15 59 8874
15 58 3098
15 57 3988
15 56 8142
15 55 9318
15 54 4264
15 52 1942
15 51 8698
15 49 6862
15 48 8650
15 47 2096
15 46 812
15 44 9462
15 43 1812
15 42 2848
15 41 2238
15 40 4766
15 39 1444
15 38 4904
15 37 3772
15 36 8094
15 34 3896
15 32 8440
15 30 8820
15 29 5124
15 28 8546
15 27 1014
15 26 9668
15 25 1520
15 24 2086
15 21 9888
15 20 8300
15 19 9580
15 18 9258
15 17 7046
15 16 158
14 98 6116
14 97 2546
14 94 8364
14 93 4648
14 89 590
14 88 6520
14 87 3686
14 83 726
14 81 7714
14 78 3208
14 77 4004
14 75 7062
14 74 5286
14 73 7736
14 72 6786
14 71 1656
14 68 3700
14 67 7882
14 64 4590
14 63 8840
14 62 3530
14 59 5122
14 58 92
14 57 924
14 55 392
14 53 8344
14 50 9762
14 47 402
14 45 4264
14 43 4266
14 41 3968
14 40 458
14 39 8978
14 38 5516
14 37 8078
14 36 3598
14 35 8434
14 31 4040
14 25 8266
14 24 8434
14 23 5154
14 22 2498
14 20 2188
14 19 7282
14 18 1070
14 15 7650
13 98 842
13 96 9826
13 95 8028
13 92 2426
13 91 2442
13 90 414
13 88 8282
13 87 444
13 84 5884
13 83 8178
13 81 2814
13 80 9504
13 77 1266
13 76 4004
13 74 6756
13 73 5620
13 72 2402
13 70 9450
13 68 7572
13 67 1532
13 66 4516
13 62 9602
13 60 4616
13 59 350
13 56 9532
13 55 6382
13 54 5958
13 53 3076
13 51 274
13 50 6626
13 49 7320
13 48 6014
13 45 3466
13 44 6966
13 43 1816
13 41 8814
13 40 3972
13 39 7336
13 38 570
13 37 4210
13 33 9428
13 31 9190
13 30 988
13 29 4258
13 27 9982
13 26 2392
13 25 5866
13 24 2354
13 23 7202
13 22 7696
13 17 7510
13 16 5468
13 15 3662
13 14 6658
12 99 2290
12 98 4358
12 96 202
12 95 6884
12 94 2044
12 93 9784
12 92 8404
12 91 8470
12 90 8486
12 89 724
12 88 6438
12 87 4696
12 83 8232
12 82 4908
12 81 4046
12 79 7724
12 77 1198
12 76 5558
12 75 7708
12 72 9790
12 70 1238
12 69 7098
12 68 1968
12 67 6012
12 66 5908
12 64 4858
12 63 5508
12 59 3908
12 58 6994
12 55 424
12 54 1258
12 50 7192
12 49 9870
12 47 3538
12 45 9772
12 43 5314
12 42 3072
12 39 9562
12 38 580
12 36 1770
12 35 1404
12 34 1574
12 33 6426
12 32 6074
12 29 6714
12 28 9702
12 27 4586
12 26 1966
12 25 2650
12 23 5264
12 21 9162
12 18 8354
12 16 750
11 99 7088
11 98 5068
11 96 2848
11 95 3398
11 94 1318
11 90 6568
11 89 4088
11 88 1514
11 87 652
11 85 7504
11 82 9616
11 81 450
11 78 2596
11 77 2666
11 75 1228
11 74 8984
11 72 7940
11 71 2012
11 68 7648
11 66 1562
11 65 6174
11 64 6420
11 63 6670
11 62 5022
11 60 4312
11 58 2198
11 57 138
11 56 7560
11 53 7434
11 52 9438
11 51 6598
11 50 7970
11 48 8858
11 45 5482
11 44 7078
11 43 5774
11 42 7556
11 39 3032
11 37 148
11 33 4712
11 31 1964
11 29 2712
11 28 7680
11 26 2214
11 24 4004
11 22 3050
11 20 2512
11 19 652
11 16 4248
11 12 8232
10 99 9838
10 98 372
10 97 5322
10 96 7004
10 93 2736
10 92 7690
10 91 6488
10 90 2426
10 88 9764
10 87 8668
10 85 9208
10 82 1524
10 80 178
10 78 3664
10 76 512
10 74 9826
10 73 5646
10 72 5488
10 71 4408
10 70 7934
10 69 5020
10 68 6376
10 67 3150
10 65 9548
10 63 5000
10 62 7580
10 59 1454
10 58 6936
10 56 9084
10 55 1190
10 53 9482
10 52 2440
10 51 3378
10 50 2782
10 49 4016
10 48 356
10 47 48
10 46 1392
10 42 1048
10 40 376
10 38 2036
10 31 4464
10 29 2446
10 26 3806
10 24 9924
10 23 5676
10 22 8978
10 20 1698
10 18 7830
10 17 510
10 16 412
10 15 6470
10 14 4608
10 11 6528
9 96 9420
9 95 3012
9 87 196
9 86 2
9 84 2764
9 79 6746
9 76 8666
9 75 8268
9 71 7066
9 70 8492
9 69 7200
9 68 2638
9 65 9318
9 64 3884
9 62 2468
9 60 7984
9 59 7656
9 55 4260
9 54 8980
9 53 6338
9 51 8872
9 50 3166
9 49 9320
9 46 2688
9 45 246
9 44 7096
9 42 5062
9 41 1664
9 40 3922
9 38 690
9 36 8936
9 34 9558
9 33 6958
9 32 5830
9 31 9876
9 29 1106
9 27 6684
9 26 2060
9 25 352
9 24 564
9 21 3754
9 20 4236
9 19 4850
9 15 4724
9 11 2658
9 10 5524
8 97 9552
8 96 172
8 95 3178
8 94 9728
8 91 3542
8 89 2516
8 87 7006
8 86 8608
8 85 2436
8 84 8956
8 81 2784
8 79 1520
8 76 6510
8 73 8320
8 72 7048
8 71 7910
8 68 8234
8 67 4136
8 65 136
8 64 662
8 61 4752
8 59 4926
8 58 4300
8 57 3002
8 56 6266
8 55 5356
8 54 5256
8 53 4502
8 52 4502
8 46 9646
8 44 4714
8 42 1288
8 41 1854
8 39 4900
8 37 5886
8 36 324
8 34 2876
8 30 5396
8 29 9534
8 27 2444
8 25 5200
8 23 5740
8 21 3662
8 20 5928
8 19 1182
8 18 3228
8 17 4150
8 16 2138
8 14 6292
8 12 4922
8 11 98
8 10 5910
8 9 8286
7 99 7896
7 97 5062
7 96 9698
7 95 2802
7 94 7296
7 93 3224
7 91 4914
7 90 6228
7 88 4956
7 87 3454
7 86 7008
7 85 1624
7 84 3188
7 83 3918
7 82 9772
7 79 3476
7 78 1404
7 77 1646
7 76 2514
7 75 4754
7 74 430
7 68 2380
7 62 2440
7 59 8266
7 58 1042
7 57 4848
7 53 5596
7 51 3146
7 47 3678
7 46 7292
7 45 4972
7 44 8996
7 42 3344
7 41 8758
7 40 8884
7 39 9324
7 38 4980
7 37 8784
7 34 6844
7 32 5208
7 31 7274
7 30 9778
7 28 3574
7 27 7962
7 26 1856
7 25 7606
7 24 2536
7 22 9630
7 21 2828
7 20 5100
7 19 342
7 17 8888
7 16 7028
7 15 4730
7 14 6684
7 12 1730
7 10 324
7 8 7270
6 99 1592
6 98 3484
6 97 1680
6 96 7260
6 95 4030
6 94 852
6 93 6216
6 92 3730
6 91 4554
6 90 7088
6 88 4082
6 87 6736
6 84 3918
6 83 6108
6 82 1176
6 81 4068
6 80 7818
6 78 4268
6 77 4378
6 74 7780
6 73 1940
6 71 2940
6 69 7464
6 68 2310
6 65 7916
6 62 8950
6 61 7744
6 59 3644
6 58 8586
6 57 14
6 56 5494
6 53 8024
6 51 814
6 50 5788
6 48 40
6 47 8516
6 46 2774
6 43 2006
6 39 2610
6 37 5010
6 34 9870
6 30 3926
6 29 3502
6 28 4218
6 24 4268
6 23 8970
6 22 7732
6 21 552
6 19 5136
6 18 2650
6 17 88
6 15 854
6 14 3074
6 12 3732
6 9 9918
6 8 5240
5 97 292
5 96 9588
5 94 6062
5 93 3996
5 92 300
5 91 4050
5 90 9138
5 89 702
5 88 3992
5 87 3996
5 86 4038
5 85 4836
5 84 4570
5 80 4732
5 79 586
5 78 6190
5 77 8986
5 75 6848
5 74 2116
5 72 9362
5 70 4332
5 68 2606
5 67 2420
5 66 7650
5 65 1136
5 64 8896
5 63 6374
5 62 9990
5 60 5908
5 59 6568
5 58 1334
5 55 4318
5 54 2384
5 53 6072
5 52 3280
5 49 9700
5 48 3782
5 46 5972
5 45 5228
5 44 6724
5 41 4346
5 40 9074
5 39 5176
5 37 396
5 36 9108
5 32 766
5 31 3356
5 29 1602
5 28 2380
5 27 9060
5 26 3164
5 24 362
5 23 430
5 21 9220
5 20 9802
5 19 5390
5 16 8064
5 15 5198
5 14 7906
5 13 6484
5 11 9624
5 9 3888
5 8 6718
5 7 2898
5 6 1158
4 98 9686
4 97 4254
4 96 4058
4 95 5304
4 93 7102
4 92 8560
4 91 5436
4 90 3416
4 88 8926
4 86 6222
4 85 8890
4 82 2536
4 79 9238
4 78 2778
4 77 5058
4 76 4066
4 73 2748
4 69 194
4 65 8952
4 64 1000
4 63 4474
4 62 7088
4 61 1488
4 60 5196
4 59 6338
4 56 8858
4 55 4492
4 49 7954
4 48 2724
4 47 1138
4 46 3580
4 45 9506
4 44 2282
4 36 9918
4 35 8968
4 34 9686
4 33 9246
4 32 4148
4 31 8224
4 30 5546
4 28 6656
4 27 3806
4 26 8016
4 25 654
4 24 6398
4 23 6386
4 21 3100
4 19 9900
4 18 1156
4 11 3762
4 10 326
4 8 682
4 7 5130
4 6 332
4 5 2372
3 96 9450
3 94 4012
3 93 3566
3 92 334
3 91 6288
3 90 9516
3 87 5908
3 85 2328
3 82 7668
3 79 6360
3 78 6994
3 76 4262
3 74 8818
3 73 9038
3 72 1600
3 69 3926
3 67 1600
3 66 4752
3 65 4884
3 64 4908
3 63 446
3 59 98
3 58 3738
3 57 6812
3 56 7784
3 53 6598
3 51 7884
3 50 8266
3 49 2836
3 48 4420
3 45 4560
3 43 554
3 41 8294
3 38 4204
3 37 8102
3 36 896
3 34 8826
3 30 536
3 26 4072
3 24 3994
3 22 7738
3 20 7886
3 19 4060
3 17 8218
3 14 6394
3 9 8620
3 6 1944
3 5 7084
3 4 4922
2 99 2184
2 98 5804
2 96 7034
2 95 7850
2 94 6770
2 92 2922
2 89 456
2 88 2174
2 87 7484
2 85 3556
2 84 7166
2 82 2768
2 81 1176
2 80 6462
2 79 7114
2 78 5180
2 77 3136
2 75 7886
2 74 6874
2 72 6798
2 70 3118
2 67 6288
2 66 3246
2 64 8814
2 61 208
2 60 2170
2 57 5364
2 56 674
2 53 5424
2 50 8808
2 48 4344
2 45 854
2 44 9440
2 43 9642
2 42 5898
2 41 6990
2 40 6214
2 39 7042
2 36 9438
2 34 2240
2 33 1710
2 32 2000
2 30 1716
2 29 118
2 28 8662
2 27 6972
2 26 8646
2 24 1238
2 23 5082
2 22 8678
2 21 8410
2 19 7140
2 18 996
2 17 2604
2 16 4358
2 14 1414
2 12 4314
2 8 9686
2 7 5742
2 6 3540
2 4 2982
2 3 6178
1 98 2880
1 97 4748
1 95 4238
1 93 2306
1 91 5884
1 88 8814
1 87 2498
1 86 3964
1 85 6992
1 83 4492
1 82 9524
1 81 5920
1 80 7560
1 77 3698
1 76 202
1 75 3978
1 74 2894
1 72 6672
1 70 2778
1 69 5650
1 67 642
1 65 8802
1 61 1188
1 59 3594
1 57 2828
1 54 9762
1 53 6734
1 52 6624
1 51 3172
1 50 6234
1 48 4662
1 44 5818
1 40 1614
1 39 6526
1 38 9880
1 37 7504
1 36 2104
1 32 604
1 29 9020
1 28 3594
1 27 9024
1 26 6168
1 25 188
1 24 4736
1 22 5218
1 21 5372
1 19 6788
1 18 4614
1 17 8698
1 16 204
1 11 3374
1 8 9254
1 6 4798
1 5 8916
1 4 7150
