60 3540 4
60 59 7738
60 58 4768
60 57 2566
60 56 5666
60 55 9376
60 54 8418
60 53 6786
60 52 7006
60 51 2582
60 50 9738
60 49 6218
60 48 842
60 47 2262
60 46 6660
60 45 300
60 44 1656
60 43 1966
60 42 8870
60 41 3700
60 40 2734
60 39 5062
60 38 7884
60 37 6976
60 36 2076
60 35 4590
60 34 9584
60 33 4814
60 32 8842
60 31 3614
60 30 3128
60 29 6426
60 28 1544
60 27 150
60 26 3532
60 25 5146
60 24 7034
60 23 5124
60 22 3842
60 21 328
60 20 6162
60 19 1774
60 18 2706
60 17 4366
60 16 1918
60 15 5516
60 14 92
60 13 6620
60 12 1074
60 11 924
60 10 8060
60 9 7638
60 8 8906
60 7 2698
60 6 7618
60 5 392
60 4 2380
60 3 80
60 2 8346
60 1 6456
59 60 6012
59 58 9764
59 57 806
59 56 1530
59 55 8184
59 54 5910
59 53 8256
59 52 402
59 51 4936
59 50 5252
59 49 942
59 48 3112
59 47 3884
59 46 4266
59 45 246
59 44 3250
59 43 4266
59 42 4532
59 41 3218
59 40 3970
59 39 1098
59 38 1690
59 37 4816
59 36 8488
59 35 1728
59 34 458
59 33 1668
59 32 2406
59 31 2864
59 30 9258
59 29 1960
59 28 8980
59 27 7428
59 26 94
59 25 2174
59 24 9560
59 23 1156
59 22 5518
59 21 9270
59 20 5700
59 19 8080
59 18 1758
59 17 7974
59 16 3600
59 15 2066
59 14 6084
59 13 8846
59 12 5232
59 11 2554
59 10 8436
59 9 2042
59 8 4124
59 7 1550
59 6 1170
59 5 8450
59 4 4042
59 3 38
59 2 5982
59 1 3540
58 60 3174
58 59 2942
58 57 8268
58 56 9454
58 55 9382
58 54 3080
58 53 3778
58 52 2314
58 51 8436
58 50 4160
58 49 8310
58 48 5154
58 47 102
58 46 3102
58 45 2498
58 44 330
58 43 7178
58 42 8496
58 41 5508
58 40 7698
58 39 2188
58 38 9006
58 37 5620
58 36 7284
58 35 4948
58 34 4202
58 33 1072
58 32 5658
58 31 1236
58 30 1096
58 29 2476
58 28 6962
58 27 7652
58 26 1632
58 25 3692
58 24 1166
58 23 6120
58 22 8996
58 21 842
58 20 1442
58 19 6676
58 18 9828
58 17 4352
58 16 5168
58 15 392
58 14 7674
58 13 9238
58 12 8030
58 11 5554
58 10 1888
58 9 2426
58 8 3392
58 7 3568
58 6 2442
58 5 48
58 4 328
58 3 414
58 2 8526
58 1 1298
57 60 8284
57 59 4222
57 58 6726
57 56 3854
57 55 4312
57 54 496
57 53 444
57 52 5732
57 51 2216
57 50 5884
57 49 6144
57 48 4914
57 47 8180
57 46 7874
57 45 9260
57 44 9872
57 43 3772
57 42 8146
57 41 2814
57 40 6018
57 39 7710
57 38 9506
57 37 8512
57 36 6180
57 35 1666
57 34 8600
57 33 930
57 32 1266
57 31 6954
57 30 6484
57 29 4004
57 28 7808
57 27 4170
57 26 4850
57 25 5552
57 24 952
57 23 4288
57 22 9156
57 21 5962
57 20 6758
57 19 4562
57 18 3714
57 17 5620
57 16 9452
57 15 8702
57 14 8502
57 13 7630
57 12 2504
57 11 2404
57 10 2420
57 9 9596
57 8 9452
57 7 4704
57 6 6092
57 5 6716
57 4 218
57 3 5284
57 2 7574
57 1 1976
56 60 6572
56 59 1532
56 58 9824
56 57 2360
56 55 4058
56 54 666
56 53 6816
56 52 8048
56 51 8156
56 50 780
56 49 4516
56 48 7988
56 47 9686
56 46 9604
56 45 1104
56 44 7998
56 43 4618
56 42 4518
56 41 9456
56 40 5200
56 39 5390
56 38 4152
56 37 350
56 36 1854
56 35 9510
56 34 8018
56 33 844
56 32 6730
56 31 9534
56 30 1018
56 29 4066
56 28 6384
56 27 5410
56 26 4622
56 25 5960
56 24 2738
56 23 438
56 22 4
56 21 2176
56 20 428
56 19 9380
56 18 8756
56 17 5912
56 16 3076
56 15 3300
56 14 7780
56 13 274
56 12 8452
56 11 5420
56 10 6628
56 9 8360
56 8 9890
56 7 7514
56 6 8900
56 5 2258
56 4 7320
56 3 7532
56 2 6294
56 1 6016
55 60 5066
55 59 8470
55 58 3466
55 57 2274
55 56 1934
55 54 6968
55 53 1124
55 52 1634
55 51 1816
55 50 50
55 49 536
55 48 7902
55 47 9290
55 46 684
55 45 8814
55 44 3858
55 43 5896
55 42 3972
55 41 3932
55 40 4538
55 39 3830
55 38 1468
55 37 4174
55 36 7338
55 35 6844
55 34 7764
55 33 8272
55 32 7210
55 31 6508
55 30 570
55 29 1066
55 28 5912
55 27 6568
55 26 5856
55 25 1990
55 24 4210
55 23 9906
55 22 9806
55 21 9430
55 20 5018
55 19 3054
55 18 1800
55 17 4116
55 16 3606
55 15 9190
55 14 280
55 13 1466
55 12 8226
55 11 9154
55 10 464
55 9 7136
55 8 2612
55 7 4526
55 6 2696
55 5 7486
55 4 6226
55 3 988
55 2 5294
55 1 1970
54 60 3434
54 59 3730
54 58 1432
54 57 8210
54 56 6630
54 55 7402
54 53 4258
54 52 1316
54 51 6076
54 50 9984
54 49 3014
54 48 344
54 47 2392
54 46 5882
54 45 292
54 44 5866
54 43 8038
54 42 8988
54 41 2356
54 40 9790
54 39 3154
54 38 7202
54 37 3894
54 36 8564
54 35 7438
54 34 7688
54 33 3948
54 32 7698
54 31 7838
54 30 6282
54 29 7512
54 28 7402
54 27 392
54 26 2578
54 25 8540
54 24 410
54 23 5470
54 22 198
54 21 2734
54 20 3290
54 19 3712
54 18 3176
54 17 3662
54 16 7224
54 15 5156
54 14 5910
54 13 7876
54 12 4352
54 11 6660
54 10 3580
54 9 9568
54 8 2290
54 7 3086
54 6 686
54 5 4358
54 4 3402
54 3 4748
54 2 5468
54 1 4818
53 60 5144
53 59 202
53 58 426
53 57 4966
53 56 6886
53 55 3796
53 54 6406
53 52 2044
53 51 9606
53 50 1346
53 49 9196
53 48 6336
53 47 3504
53 46 9786
53 45 598
53 44 7624
53 43 8406
53 42 2338
53 41 1276
53 40 4564
53 39 4144
53 38 8450
53 37 8472
53 36 3420
53 35 9982
53 34 6810
53 33 8048
53 32 1480
53 31 8488
53 30 6704
53 29 3486
53 28 726
53 27 5862
53 26 7714
53 25 8624
53 24 4878
53 23 2982
53 22 4568
53 21 4810
53 20 1068
53 19 1940
53 18 3194
53 17 1386
53 16 6440
53 15 7018
53 14 5146
53 13 4984
53 12 2160
53 11 3110
53 10 4696
53 9 7998
53 8 9346
53 7 9064
53 6 3824
53 5 7382
53 4 8232
53 3 7176
53 2 7916
53 1 4910
52 60 7782
52 59 740
52 58 6944
52 57 8754
52 56 9308
52 55 9824
52 54 870
52 53 1052
52 51 4046
52 50 9230
52 49 7530
52 48 4284
52 47 7720
52 46 5582
52 45 7726
52 44 1504
52 43 9204
52 42 9082
52 41 2740
52 40 7704
52 39 1198
52 38 7416
52 37 5014
52 36 5560
52 35 912
52 34 8810
52 33 7710
52 32 6496
52 31 7156
52 30 9792
52 29 8596
52 28 3172
52 27 1238
52 26 7898
52 25 4468
52 24 7100
52 23 2872
52 22 4132
52 21 1968
52 20 7718
52 19 12
52 18 6012
52 17 8328
52 16 4048
52 15 5910
52 14 1980
52 13 6276
52 12 456
52 11 9608
52 10 5886
52 9 4858
52 8 9804
52 7 8200
52 6 5510
52 5 7960
52 4 7980
52 3 332
52 2 6672
52 1 1148
51 60 9296
51 59 9712
51 58 4940
51 57 3908
51 56 2218
51 55 1870
51 54 8370
51 53 3456
51 52 4468
51 50 6994
51 49 2278
51 48 1496
51 47 424
51 46 9730
51 45 1124
51 44 1258
51 43 1936
51 42 7594
51 41 306
51 40 3866
51 39 9832
51 38 7194
51 37 9002
51 36 2526
51 35 3594
51 34 9260
51 33 6578
51 32 9872
51 31 3782
51 30 6750
51 29 3538
51 28 2478
51 27 3744
51 26 9774
51 25 8020
51 24 4826
51 23 5314
51 22 6358
51 21 9642
51 20 3074
51 19 6672
51 18 4630
51 17 9564
51 16 7180
51 15 382
51 14 4570
51 13 2914
51 12 5752
51 11 580
51 10 2000
51 9 8304
51 8 1770
51 7 7128
51 6 4798
51 5 1406
51 4 1528
51 3 5148
51 2 1542
51 1 4742
50 60 3928
50 59 3216
50 58 378
50 57 8980
50 56 1574
50 55 4428
50 54 5846
50 53 6428
50 52 3700
50 51 164
50 49 6076
50 48 8430
50 47 7490
50 46 6714
50 45 7854
50 44 1966
50 43 9704
50 42 3198
50 41 6448
50 40 6778
50 39 3030
50 38 7690
50 37 7890
50 36 8174
50 35 8912
50 34 4588
50 33 90
50 32 9020
50 31 1968
50 30 9834
50 29 2868
50 28 3052
50 27 1014
50 26 9376
50 25 2650
50 24 5380
50 23 9492
50 22 5266
50 21 8480
50 20 6076
50 19 640
50 18 2716
50 17 5124
50 16 9164
50 15 446
50 14 8812
50 13 3158
50 12 4834
50 11 5766
50 10 8356
50 9 5534
50 8 7924
50 7 750
50 6 6152
50 5 7300
50 4 7090
50 3 2218
50 2 9078
50 1 5070
49 60 1040
49 59 3088
49 58 2850
49 57 2182
49 56 7044
49 55 3398
49 54 3970
49 53 7716
49 52 1318
49 51 3734
49 50 4896
49 48 9300
49 47 7020
49 46 2634
49 45 8846
49 44 2464
49 43 9350
49 42 9084
49 41 4610
49 40 5124
49 39 6570
49 38 4578
49 37 4934
49 36 9454
49 35 2962
49 34 6572
49 33 4088
49 32 6274
49 31 1068
49 30 1514
49 29 3966
49 28 5698
49 27 9442
49 26 7116
49 25 5340
49 24 652
49 23 9980
49 22 4044
49 21 7504
49 20 7602
49 19 2552
49 18 9618
49 17 2988
49 16 736
49 15 3166
49 14 8602
49 13 1342
49 12 450
49 11 1020
49 10 2114
49 9 496
49 8 9430
49 7 6854
49 6 1432
49 5 1932
49 4 804
49 3 1324
49 2 9998
49 1 2100
48 60 8730
48 59 602
48 58 5284
48 57 2596
48 56 7710
48 55 1222
48 54 2668
48 53 6442
48 52 3034
48 51 6736
48 50 9638
48 49 2002
48 47 1228
48 46 5372
48 45 1490
48 44 8986
48 43 3962
48 42 252
48 41 1442
48 40 1184
48 39 5062
48 38 9120
48 37 9242
48 36 9902
48 35 7942
48 34 4872
48 33 224
48 32 2014
48 31 8492
48 30 3656
48 29 4302
48 28 3136
48 27 3372
48 26 7650
48 25 6514
48 24 8872
48 23 1562
48 22 9852
48 21 3126
48 20 6174
48 19 7638
48 18 6202
48 17 6422
48 16 9656
48 15 9016
48 14 9580
48 13 2864
48 12 3180
48 11 8112
48 10 5562
48 9 622
48 8 1682
48 7 5224
48 6 3184
48 5 6672
48 4 1012
48 3 5424
48 2 3448
48 1 5418
47 60 6456
47 59 6980
47 58 5400
47 57 4706
47 56 5024
47 55 5312
47 54 4444
47 53 4312
47 52 8732
47 51 4302
47 50 302
47 49 394
47 48 7018
47 46 1700
47 45 2744
47 44 9170
47 43 2200
47 42 4804
47 41 5162
47 40 138
47 39 838
47 38 9274
47 37 7562
47 36 8662
47 35 1474
47 34 7434
47 33 368
47 32 8022
47 31 9440
47 30 4572
47 29 7748
47 28 7268
47 27 5802
47 26 5696
47 25 6600
47 24 7814
47 23 7932
47 22 7972
47 21 2780
47 20 7754
47 19 9568
47 18 8632
47 17 7396
47 16 8860
47 15 5434
47 14 5240
47 13 5482
47 12 7126
47 11 2872
47 10 9644
47 9 7672
47 8 1054
47 7 7080
47 6 8132
47 5 6886
47 4 1176
47 3 7666
47 2 978
47 1 3714
46 60 7252
46 59 784
46 58 4692
46 57 754
46 56 6010
46 55 5776
46 54 3784
46 53 8102
46 52 7556
46 51 3560
46 50 6136
46 49 3034
46 48 8026
46 47 2960
46 45 148
46 44 6864
46 43 8
46 42 4138
46 41 6582
46 40 3740
46 39 4712
46 38 1690
46 37 6464
46 36 7812
46 35 5172
46 34 6940
46 33 4198
46 32 9492
46 31 842
46 30 7032
46 29 272
46 28 5324
46 27 1964
46 26 2582
46 25 5034
46 24 2714
46 23 9278
46 22 2376
46 21 4986
46 20 5278
46 19 5260
46 18 7682
46 17 2324
46 16 4008
46 15 2214
46 14 6658
46 13 5132
46 12 4004
46 11 816
46 10 9824
46 9 1626
46 8 5580
46 7 7882
46 6 3050
46 5 3240
46 4 9132
46 3 2512
46 2 446
46 1 5526
45 60 652
45 59 6524
45 58 9608
45 57 4248
45 56 8660
45 55 2056
45 54 8234
45 53 8698
45 52 3422
45 51 9840
45 50 144
45 49 760
45 48 372
45 47 3612
45 46 6148
45 44 5324
45 43 9942
45 42 5504
45 41 7746
45 40 7926
45 39 9664
45 38 7598
45 37 8830
45 36 1536
45 35 7004
45 34 2208
45 33 8218
45 32 2738
45 31 1676
45 30 5704
45 29 3962
45 28 6432
45 27 538
45 26 5492
45 25 7118
45 24 428
45 23 7692
45 22 6876
45 21 8842
45 20 6490
45 19 978
45 18 2526
45 17 6212
45 16 5100
45 15 9378
45 14 2426
45 13 6774
45 12 7466
45 11 7954
45 10 1272
45 9 4354
45 8 9766
45 7 2944
45 6 6884
45 5 8670
45 4 2408
45 3 1004
45 2 9210
45 1 9960
44 60 8236
44 59 1524
44 58 9580
44 57 6606
44 56 178
44 55 8310
44 54 6946
44 53 248
44 52 8664
44 51 3828
44 50 3666
44 49 8450
44 48 3384
44 47 9468
44 46 3942
44 45 3204
44 43 4700
44 42 3314
44 41 3504
44 40 512
44 39 3732
44 38 3306
44 37 9368
44 36 1398
44 35 2050
44 34 9828
44 33 1258
44 32 2922
44 31 5646
44 30 1024
44 29 8970
44 28 214
44 27 2670
44 26 6750
44 25 2272
44 24 4734
44 23 2280
44 22 5488
44 21 5524
44 20 8008
44 19 4408
44 18 3006
44 17 1544
44 16 7936
44 15 6200
44 14 7480
44 13 1780
44 12 7862
44 11 2610
44 10 5022
44 9 980
44 8 7700
44 7 6378
44 6 358
44 5 9220
44 4 4300
44 3 9028
44 2 6386
44 1 3150
43 60 8876
43 59 2466
43 58 3592
43 57 6434
43 56 8616
43 55 9304
43 54 9792
43 53 6586
43 52 9550
43 51 9964
43 50 5736
43 49 5000
43 48 4598
43 47 9928
43 46 7582
43 45 1942
43 44 2594
43 42 1456
43 41 9162
43 40 2660
43 39 6938
43 38 7356
43 37 7816
43 36 9086
43 35 4176
43 34 7954
43 33 1190
43 32 344
43 31 5982
43 30 7496
43 29 9554
43 28 9890
43 27 3956
43 26 4760
43 25 5552
43 24 9484
43 23 7878
43 22 576
43 21 3638
43 20 2304
43 19 9716
43 18 2440
43 17 5120
43 16 9804
43 15 5692
43 14 3032
43 13 5860
43 12 3378
43 11 8054
43 10 2010
43 9 1512
43 8 6096
43 7 9650
43 6 6462
43 5 1694
43 4 4626
43 3 2782
43 2 6316
43 1 628
42 60 3564
42 59 858
42 58 5556
42 57 4018
42 56 3882
42 55 6642
42 54 356
42 53 4248
42 52 6244
42 51 48
42 50 7014
42 49 3576
42 48 1392
42 47 1166
42 46 2784
42 45 1048
42 44 7712
42 43 1858
42 41 376
42 40 5662
42 39 8766
42 38 2036
42 37 948
42 36 7574
42 35 4466
42 34 4582
42 33 2606
42 32 2446
42 31 9852
42 30 9382
42 29 3806
42 28 1186
42 27 5234
42 26 9926
42 25 8
42 24 9822
42 23 5144
42 22 9830
42 21 9508
42 20 5676
42 19 560
42 18 7732
42 17 8980
42 16 1484
42 15 8858
42 14 1698
42 13 610
42 12 5024
42 11 7832
42 10 6272
42 9 1024
42 8 510
42 7 94
42 6 8076
42 5 9010
42 4 8164
42 3 316
42 2 412
42 1 3858
41 60 8010
41 59 6472
41 58 986
41 57 7736
41 56 8152
41 55 6848
41 54 5488
41 53 4610
41 52 3444
41 51 2986
41 50 6530
41 49 6214
41 48 8602
41 47 6036
41 46 8882
41 45 3430
41 44 9420
41 43 7558
41 42 3086
41 40 3014
41 39 3992
41 38 1436
41 37 196
41 36 7774
41 35 2868
41 34 5774
41 33 6682
41 32 6728
41 31 5604
41 30 6472
41 29 3800
41 28 2
41 27 3696
41 26 8022
41 25 2764
41 24 6732
41 23 9114
41 22 6746
41 21 8160
41 20 3234
41 19 8668
41 18 7190
41 17 9278
41 16 8270
41 15 6496
41 14 2476
41 13 7068
41 12 8486
41 11 3676
41 10 8494
41 9 1990
41 8 7794
41 7 4230
41 6 9044
41 5 6646
41 4 7972
41 3 9254
41 2 2792
41 1 7202
40 60 7258
40 59 1356
40 58 7370
40 57 9446
40 56 5952
40 55 2638
40 54 6016
40 53 3896
40 52 9320
40 51 6972
40 50 7040
40 49 9838
40 48 7394
40 47 5882
40 46 6170
40 45 4862
40 44 1524
40 43 3884
40 42 4936
40 41 2992
40 39 2468
40 38 9234
40 37 3632
40 36 7986
40 35 8424
40 34 4356
40 33 7658
40 32 5906
40 31 830
40 30 182
40 29 338
40 28 1036
40 27 3548
40 26 8926
40 25 5956
40 24 4260
40 23 1190
40 22 1560
40 21 8982
40 20 7510
40 19 604
40 18 6340
40 17 54
40 16 1040
40 15 8872
40 14 8268
40 13 9876
40 12 3166
40 11 7886
40 10 9554
40 9 9322
40 8 8002
40 7 3328
40 6 2688
40 5 6448
40 4 2306
40 3 1594
40 2 6340
40 1 3636
39 60 246
39 59 7696
39 58 7064
39 57 7096
39 56 3500
39 55 2206
39 54 5064
39 53 2406
39 52 2766
39 51 1664
39 50 3970
39 49 1816
39 48 1026
39 47 3270
39 46 6836
39 45 4966
39 44 2212
39 43 7868
39 42 3924
39 41 9430
39 40 1082
39 38 690
39 37 7918
39 36 4032
39 35 3296
39 34 4484
39 33 7286
39 32 2368
39 31 9478
39 30 2568
39 29 2810
39 28 5750
39 27 6384
39 26 8936
39 25 3304
39 24 1644
39 23 9560
39 22 4124
39 21 1990
39 20 6960
39 19 22
39 18 7614
39 17 5832
39 16 3686
39 15 1280
39 14 2754
39 13 6034
39 12 8236
39 11 9878
39 10 3632
39 9 9978
39 8 750
39 7 6308
39 6 2012
39 5 1106
39 4 2454
39 3 9624
39 2 6686
39 1 8518
38 60 9846
38 59 5526
38 58 3072
38 57 8164
38 56 2062
38 55 9062
38 54 3314
38 53 352
38 52 9780
38 51 5220
38 50 564
38 49 2628
38 48 7160
38 47 4414
38 46 6412
38 45 1638
38 44 3754
38 43 3578
38 42 2088
38 41 4236
38 40 8954
38 39 2028
38 37 4850
38 36 4382
38 35 4584
38 34 4724
38 33 5734
38 32 662
38 31 9690
38 30 5190
38 29 8838
38 28 7834
38 27 7736
38 26 9850
38 25 8768
38 24 8280
38 23 1636
38 22 2660
38 21 8074
38 20 9292
38 19 2664
38 18 2960
38 17 3564
38 16 5524
38 15 1178
38 14 6150
38 13 9554
38 12 9670
38 11 7042
38 10 172
38 9 5260
38 8 7590
38 7 3180
38 6 1004
38 5 1000
38 4 8850
38 3 622
38 2 7548
38 1 9730
37 60 1204
37 59 7868
37 58 3542
37 57 1580
37 56 5246
37 55 2516
37 54 9132
37 53 9248
37 52 7008
37 51 3930
37 50 430
37 49 8838
37 48 6176
37 47 6710
37 46 8610
37 45 9978
37 44 9672
37 43 2436
37 42 1410
37 41 4984
37 40 7744
37 39 4120
37 38 3980
37 36 1930
37 35 5206
37 34 7304
37 33 6394
37 32 5630
37 31 9750
37 30 7600
37 29 2646
37 28 3980
37 27 1090
37 26 1268
37 25 6914
37 24 8958
37 23 1860
37 22 1856
37 21 2784
37 20 280
37 19 9416
37 18 9100
37 17 8
37 16 304
37 15 1520
37 14 6408
37 13 8590
37 12 6512
37 11 9654
37 10 9048
37 9 512
37 8 608
37 7 834
37 6 8322
37 5 5112
37 4 5500
37 3 114
37 2 5264
37 1 54
36 60 6854
36 59 4186
36 58 2294
36 57 7050
36 56 918
36 55 5580
36 54 4814
36 53 7152
36 52 1228
36 51 7912
36 50 9294
36 49 3106
36 48 2006
36 47 2328
36 46 4524
36 45 8236
36 44 6770
36 43 2562
36 42 4138
36 41 4838
36 40 9116
36 39 136
36 38 140
36 37 2656
36 35 662
36 34 9692
36 33 3306
36 32 4754
36 31 3452
36 30 8532
36 29 4926
36 28 6520
36 27 1996
36 26 4302
36 25 2668
36 24 244
36 23 3002
36 22 7274
36 21 3262
36 20 6266
36 19 4528
36 18 3168
36 17 5358
36 16 1418
36 15 442
36 14 5258
36 13 8798
36 12 1274
36 11 4502
36 10 2654
36 9 9212
36 8 2544
36 7 2884
36 6 3500
36 5 4502
36 4 7194
36 3 2512
36 2 9648
36 1 6444
35 60 9438
35 59 728
35 58 682
35 57 2528
35 56 4714
35 55 3504
35 54 1294
35 53 1288
35 52 9958
35 51 2324
35 50 1854
35 49 8762
35 48 4904
35 47 6708
35 46 8482
35 45 9310
35 44 7782
35 43 1340
35 42 9484
35 41 2290
35 40 6396
35 39 8398
35 38 6204
35 37 7440
35 36 2358
35 34 4902
35 33 7532
35 32 2314
35 31 5886
35 30 7840
35 29 2438
35 28 9980
35 27 4894
35 26 468
35 25 4116
35 24 6986
35 23 210
35 22 324
35 21 4568
35 20 7950
35 19 2876
35 18 8682
35 17 1076
35 16 5398
35 15 5824
35 14 2234
35 13 9536
35 12 1244
35 11 2244
35 10 2444
35 9 308
35 8 1160
35 7 5200
35 6 1786
35 5 8794
35 4 5740
35 3 440
35 2 5458
35 1 7088
34 60 9308
34 59 4758
34 58 3662
34 57 102
34 56 9202
34 55 5928
34 54 8978
34 53 6772
34 52 5880
34 51 2288
34 50 4798
34 49 9384
34 48 408
34 47 5150
34 46 1182
34 45 978
34 44 2304
34 43 7368
34 42 6954
34 41 5068
34 40 8492
34 39 2296
34 38 610
34 37 3228
34 36 322
34 35 122
34 33 4150
34 32 7712
34 31 4138
34 30 2138
34 29 4348
34 28 8340
34 27 6294
34 26 8738
34 25 3610
34 24 4924
34 23 7000
34 22 9222
34 21 5908
34 20 5592
34 19 7120
34 18 7238
34 17 1364
34 16 8052
34 15 98
34 14 9216
34 13 5150
34 12 5910
34 11 7904
34 10 3042
34 9 8288
34 8 2902
34 7 756
34 6 5350
34 5 4672
34 4 1974
34 3 7898
34 2 9998
34 1 3670
33 60 5064
33 59 4442
33 58 9390
33 57 9700
33 56 1766
33 55 3340
33 54 7348
33 53 9024
33 52 8790
33 51 2802
33 50 692
33 49 724
33 48 7298
33 47 4912
33 46 4826
33 45 9650
33 44 3166
33 43 1348
33 42 3224
33 41 8540
33 40 4590
33 39 4916
33 38 1116
33 37 7846
33 36 6228
33 35 1182
33 34 2202
33 32 4956
33 31 8894
33 30 6040
33 29 8536
33 28 7538
33 27 5222
33 26 6650
33 25 4800
33 24 2074
33 23 3456
33 22 4408
33 21 1798
33 20 7008
33 19 2908
33 18 8916
33 17 1624
33 16 9744
33 15 9738
33 14 3190
33 13 2178
33 12 7060
33 11 8152
33 10 7944
33 9 7278
33 8 3920
33 7 3360
33 6 3924
33 5 7186
33 4 5038
33 3 3108
33 2 9774
33 1 3952
32 60 7310
32 59 7056
32 58 2426
32 57 690
32 56 3478
32 55 2274
32 54 8634
32 53 1404
32 52 5130
32 51 8138
32 50 1646
32 49 3304
32 48 9930
32 47 1510
32 46 9322
32 45 2982
32 44 2516
32 43 8200
32 42 7566
32 41 4756
32 40 5846
32 39 998
32 38 7274
32 37 3332
32 36 3398
32 35 430
32 34 6444
32 33 9030
32 31 2380
32 30 2170
32 29 7412
32 28 7730
32 27 9638
32 26 386
32 25 2440
32 24 7256
32 23 7316
32 22 8268
32 21 6144
32 20 5546
32 19 1042
32 18 9010
32 17 512
32 16 4850
32 15 5646
32 14 5174
32 13 5598
32 12 6572
32 11 9448
32 10 3146
32 9 5740
32 8 7574
32 7 9886
32 6 3424
32 5 3064
32 4 3680
32 3 5782
32 2 5664
32 1 7294
31 60 8634
31 59 3864
31 58 966
31 57 874
31 56 9804
31 55 4974
31 54 570
31 53 7482
31 52 8998
31 51 1646
31 50 1160
31 49 7250
31 48 1754
31 47 6592
31 46 3346
31 45 9368
31 44 1202
31 43 7412
31 42 9184
31 41 1950
31 40 8760
31 39 5756
31 38 594
31 37 2646
31 36 2116
31 35 4634
31 34 3482
31 33 6972
31 32 8108
31 30 8886
31 29 4168
31 28 3116
31 27 4014
31 26 7632
31 25 6278
31 24 9326
31 23 8668
31 22 4528
31 21 4982
31 20 852
31 19 6212
31 18 1722
31 17 5678
31 16 4970
31 15 4484
31 14 3254
31 13 4864
31 12 454
31 11 4414
31 10 3630
31 9 8658
31 8 9974
31 7 1416
31 6 8786
31 5 7358
31 4 9636
31 3 7708
31 2 6692
31 1 3446
30 60 6846
30 59 7956
30 58 2422
30 57 7792
30 56 3760
30 55 5776
30 54 5208
30 53 2900
30 52 1898
30 51 7276
30 50 462
30 49 7316
30 48 9780
30 47 9148
30 46 2984
30 45 3574
30 44 2664
30 43 4330
30 42 7964
30 41 4468
30 40 2042
30 39 3166
30 38 8096
30 37 3264
30 36 5874
30 35 5326
30 34 7088
30 33 1856
30 32 3592
30 31 8988
30 29 7606
30 28 4918
30 27 6378
30 26 8734
30 25 2010
30 24 2570
30 23 2536
30 22 1478
30 21 5856
30 20 9632
30 19 4770
30 18 6002
30 17 1064
30 16 3396
30 15 6938
30 14 2828
30 13 6308
30 12 9232
30 11 2394
30 10 9370
30 9 6214
30 8 3590
30 7 1278
30 6 1404
30 5 5102
30 4 4836
30 3 8448
30 2 1770
30 1 8852
29 60 7104
29 59 342
29 58 9194
29 57 6840
29 56 6942
29 55 1568
29 54 52
29 53 8722
29 52 7372
29 51 9728
29 50 8890
29 49 3572
29 48 5156
29 47 7030
29 46 3736
29 45 4218
29 44 4098
29 43 5750
29 42 7332
29 41 8964
29 40 8822
29 39 5888
29 38 4732
29 37 5460
29 36 8172
29 35 6686
29 34 1072
29 33 8248
29 32 1730
29 31 4566
29 30 4182
29 28 324
29 27 7150
29 26 7550
29 25 2930
29 24 5172
29 23 494
29 22 802
29 21 9148
29 20 574
29 19 4794
29 18 258
29 17 8118
29 16 5546
29 15 6374
29 14 8544
29 13 7278
29 12 6632
29 11 1158
29 10 7272
29 9 6056
29 8 3422
29 7 1592
29 6 1572
29 5 8028
29 4 7144
29 3 8582
29 2 6022
29 1 2154
28 60 884
28 59 9324
28 58 3484
28 57 2084
28 56 2644
28 55 636
28 54 646
28 53 4254
28 52 1682
28 51 6
28 50 1448
28 49 4876
28 48 6780
28 47 5270
28 46 7262
28 45 7452
28 44 3676
28 43 4030
28 42 6114
28 41 1830
28 40 3220
28 39 2124
28 38 814
28 37 1126
28 36 2332
28 35 8744
28 34 852
28 33 2886
28 32 4568
28 31 6216
28 30 6682
28 29 3574
28 27 3730
28 26 7700
28 25 6540
28 24 8974
28 23 6002
28 22 3520
28 21 4556
28 20 9542
28 19 5372
28 18 7090
28 17 5960
28 16 8094
28 15 7052
28 14 3774
28 13 6932
28 12 4084
28 11 9274
28 10 6396
28 9 76
28 8 400
28 7 248
28 6 4834
28 5 2246
28 4 2504
28 3 6738
28 2 2422
28 1 9314
27 60 3918
27 59 28
27 58 9324
27 57 6110
27 56 9758
27 55 7722
27 54 1176
27 53 9352
27 52 5964
27 51 2842
27 50 2466
27 49 4320
27 48 5682
27 47 8776
27 46 1076
27 45 4070
27 44 4246
27 43 366
27 42 754
27 41 2470
27 40 3042
27 39 7820
27 38 1564
27 37 9754
27 36 1024
27 35 7268
27 34 8180
27 33 790
27 32 8428
27 31 3008
27 30 4270
27 29 9748
27 28 1392
27 26 4378
27 25 8442
27 24 5354
27 23 7782
27 22 2056
27 21 4940
27 20 1940
27 19 4532
27 18 4828
27 17 2942
27 16 7214
27 15 9226
27 14 7466
27 13 1662
27 12 7730
27 11 2166
27 10 5388
27 9 2450
27 8 2312
27 7 6756
27 6 6854
27 5 7918
27 4 652
27 3 9660
27 2 8952
27 1 3768
26 60 4044
26 59 9918
26 58 9000
26 57 9450
26 56 7746
26 55 8806
26 54 5718
26 53 3362
26 52 6676
26 51 4446
26 50 3644
26 49 4586
26 48 6436
26 47 8588
26 46 5752
26 45 3182
26 44 9784
26 43 2478
26 42 940
26 41 14
26 40 4260
26 39 3720
26 38 330
26 37 8774
26 36 7222
26 35 2672
26 34 9366
26 33 5208
26 32 4156
26 31 9308
26 30 4152
26 29 5494
26 28 8362
26 27 3004
26 25 8026
26 24 5076
26 23 3284
26 22 9662
26 21 6086
26 20 7196
26 19 9768
26 18 8818
26 17 6864
26 16 814
26 15 1702
26 14 6128
26 13 5790
26 12 1786
26 11 6090
26 10 40
26 9 7468
26 8 9706
26 7 5854
26 6 468
26 5 2332
26 4 1600
26 3 3956
26 2 1174
26 1 8518
25 60 5244
25 59 976
25 58 2774
25 57 5140
25 56 6818
25 55 2006
25 54 4960
25 53 1320
25 52 2610
25 51 5510
25 50 3650
25 49 2540
25 48 3764
25 47 6424
25 46 5010
25 45 4560
25 44 3646
25 43 5796
25 42 7592
25 41 9180
25 40 9872
25 39 1928
25 38 6908
25 37 6676
25 36 8782
25 35 8710
25 34 3926
25 33 958
25 32 8956
25 31 3502
25 30 290
25 29 1604
25 28 9272
25 27 3884
25 26 7510
25 24 4218
25 23 7814
25 22 704
25 21 3494
25 20 3018
25 19 5282
25 18 4270
25 17 4330
25 16 7128
25 15 1996
25 14 3322
25 13 1534
25 12 8972
25 11 4564
25 10 8848
25 9 7734
25 8 9112
25 7 5596
25 6 552
25 5 1622
25 4 3696
25 3 8562
25 2 2228
25 1 656
24 60 5138
24 59 662
24 58 1444
24 57 2650
24 56 250
24 55 1000
24 54 88
24 53 2214
24 52 2746
24 51 854
24 50 5372
24 49 806
24 48 3074
24 47 2230
24 46 6334
24 45 3732
24 44 7204
24 43 8428
24 42 7706
24 41 5182
24 40 8482
24 39 192
24 38 3552
24 37 1906
24 36 9920
24 35 3652
24 34 7962
24 33 5242
24 32 9582
24 31 4042
24 30 9372
24 29 5350
24 28 14
24 27 292
24 26 8912
24 25 8670
24 23 6820
24 22 1034
24 21 8892
24 20 9590
24 19 298
24 18 6348
24 17 6656
24 16 7032
24 15 854
24 14 6062
24 13 5308
24 12 1098
24 11 3996
24 10 7372
24 9 5616
24 8 300
24 7 7138
24 6 3210
24 5 2812
24 4 4054
24 3 7758
24 2 4050
24 1 8332
23 60 1106
23 59 3162
23 58 5370
23 57 3242
23 56 7262
23 55 6718
23 54 6534
23 53 9140
23 52 8224
23 51 6254
23 50 702
23 49 6616
23 48 6146
23 47 3748
23 46 4318
23 45 220
23 44 3992
23 43 3814
23 42 6392
23 41 3996
23 40 7138
23 39 8566
23 38 3448
23 37 1240
23 36 6714
23 35 590
23 34 3998
23 33 2354
23 32 4038
23 31 4582
23 30 2712
23 29 4838
23 28 1174
23 27 398
23 26 8570
23 25 1000
23 24 4238
23 22 9672
23 21 9798
23 20 5084
23 19 4570
23 18 4798
23 17 1160
23 16 4732
23 15 4706
23 14 2712
23 13 586
23 12 8966
23 11 8596
23 10 9848
23 9 1690
23 8 966
23 7 2416
23 6 3824
23 5 5810
23 4 6192
23 3 4978
23 2 904
23 1 974
22 60 90
22 59 8620
22 58 8986
22 57 6568
22 56 1892
22 55 6848
22 54 7650
22 53 1478
22 52 2116
22 51 3804
22 50 7808
22 49 3998
22 48 8918
22 47 9834
22 46 5962
22 45 9358
22 44 526
22 43 8480
22 42 9406
22 41 7454
22 40 9364
22 39 5896
22 38 5834
22 37 1070
22 36 3252
22 35 1174
22 34 4332
22 33 9586
22 32 1794
22 31 7730
22 30 8710
22 29 5220
22 28 2606
22 27 4322
22 26 1374
22 25 2420
22 24 218
22 23 628
22 21 7652
22 20 1478
22 19 822
22 18 3356
22 17 2722
22 16 6982
22 15 1136
22 14 7646
22 13 9568
22 12 8898
22 11 5640
22 10 9762
22 9 2668
22 8 8130
22 7 6720
22 6 6376
22 5 9376
22 4 7214
22 3 4482
22 2 3520
22 1 9846
21 60 9992
21 59 376
21 58 3972
21 57 4028
21 56 6592
21 55 8216
21 54 5910
21 53 6522
21 52 3434
21 51 6570
21 50 968
21 49 3546
21 48 1336
21 47 5928
21 46 9704
21 45 4318
21 44 3376
21 43 5920
21 42 4566
21 41 9282
21 40 3680
21 39 4326
21 38 5146
21 37 8906
21 36 2384
21 35 6330
21 34 2840
21 33 4032
21 32 4776
21 31 3092
21 30 6072
21 29 9256
21 28 632
21 27 2004
21 26 6804
21 25 2932
21 24 3280
21 23 6638
21 22 1748
21 20 9702
21 19 9794
21 18 52
21 17 3782
21 16 6490
21 15 4706
21 14 5972
21 13 3622
21 12 32
21 11 9978
21 10 3206
21 9 3044
21 8 5230
21 7 5290
21 6 7152
21 5 6726
21 4 1876
21 3 8980
21 2 4348
21 1 7398
20 60 1844
20 59 9076
20 58 4746
20 57 612
20 56 5176
20 55 600
20 54 4342
20 53 398
20 52 8784
20 51 2474
20 50 9110
20 49 6964
20 48 3614
20 47 766
20 46 6256
20 45 4402
20 44 3356
20 43 6610
20 42 1460
20 41 1602
20 40 5808
20 39 9078
20 38 2380
20 37 4464
20 36 5980
20 35 8862
20 34 5800
20 33 1606
20 32 9062
20 31 3000
20 30 5628
20 29 9520
20 28 2466
20 27 3892
20 26 3166
20 25 1748
20 24 1066
20 23 362
20 22 1162
20 21 9196
20 19 430
20 18 9682
20 17 2872
20 16 8298
20 15 6806
20 14 9232
20 13 1210
20 12 5414
20 11 5422
20 10 9222
20 9 3794
20 8 5028
20 7 6216
20 6 8718
20 5 5446
20 4 9804
20 3 4044
20 2 1336
20 1 3284
19 60 6188
19 59 8800
19 58 8868
19 57 8872
19 56 6232
19 55 5392
19 54 4104
19 53 8268
19 52 2278
19 51 4610
19 50 910
19 49 8066
19 48 6940
19 47 3832
19 46 5200
19 45 9910
19 44 4420
19 43 5424
19 42 974
19 41 9194
19 40 7908
19 39 292
19 38 3340
19 37 6486
19 36 5098
19 35 6850
19 34 8136
19 33 4406
19 32 6964
19 31 6672
19 30 170
19 29 9148
19 28 9626
19 27 8338
19 26 5888
19 25 9720
19 24 6004
19 23 4548
19 22 6472
19 21 2272
19 20 28
19 18 3888
19 17 9488
19 16 7242
19 15 6720
19 14 5390
19 13 6952
19 12 2898
19 11 5772
19 10 994
19 9 1158
19 8 6908
19 7 2098
19 6 9688
19 5 2792
19 4 86
19 3 6222
19 2 9060
19 1 3426
18 60 4256
18 59 244
18 58 1536
18 57 4060
18 56 5028
18 55 896
18 54 3612
18 53 9220
18 52 5580
18 51 5306
18 50 246
18 49 3728
18 48 4602
18 47 80
18 46 2996
18 45 7102
18 44 6350
18 43 304
18 42 8562
18 41 2828
18 40 1484
18 39 5436
18 38 2728
18 37 8792
18 36 5484
18 35 6762
18 34 6390
18 33 3418
18 32 6770
18 31 2050
18 30 8928
18 29 7104
18 28 9446
18 27 6224
18 26 5300
18 25 6804
18 24 3868
18 23 7400
18 22 5106
18 21 3486
18 20 5124
18 19 1048
18 17 8892
18 16 4462
18 15 3300
18 14 2536
18 13 9014
18 12 488
18 11 1686
18 10 8622
18 9 9670
18 8 9240
18 7 3296
18 6 3336
18 5 6256
18 4 7506
18 3 266
18 2 5250
18 1 8948
17 60 3730
17 59 2778
17 58 3104
17 57 7086
17 56 5058
17 55 8880
17 54 2484
17 53 256
17 52 4018
17 51 9700
17 50 4554
17 49 2730
17 48 2716
17 47 9756
17 46 5520
17 45 5798
17 44 4068
17 43 2156
17 42 8966
17 41 2588
17 40 5922
17 39 1486
17 38 2748
17 37 9794
17 36 5468
17 35 194
17 34 9678
17 33 726
17 32 8954
17 31 9602
17 30 3828
17 29 1002
17 28 6040
17 27 3784
17 26 1314
17 25 6960
17 24 4176
17 23 4476
17 22 1524
17 21 6718
17 20 2928
17 19 6118
17 18 710
17 16 7090
17 15 4518
17 14 7078
17 13 9944
17 12 1320
17 11 9678
17 10 1488
17 9 6996
17 8 248
17 7 7508
17 6 3488
17 5 9402
17 4 5196
17 3 8672
17 2 5486
17 1 6340
16 60 2016
16 59 9424
16 58 5554
16 57 5024
16 56 7384
16 55 2378
16 54 3520
16 53 8392
16 52 8858
16 51 3046
16 50 2962
16 49 4494
16 48 5040
16 47 1720
16 46 7954
16 45 2378
16 44 6800
16 43 7488
16 42 3244
16 41 3744
16 40 3742
16 39 3790
16 38 1328
16 37 2724
16 36 6310
16 35 8816
16 34 1138
16 33 7306
16 32 9166
16 31 584
16 30 3852
16 29 6898
16 28 3582
16 27 2334
16 26 8914
16 25 9508
16 24 4896
16 23 1060
16 22 2284
16 21 2494
16 20 2416
16 19 9920
16 18 1212
16 17 2966
16 15 8970
16 14 9048
16 13 6972
16 12 9688
16 11 3818
16 10 9854
16 9 2572
16 8 8150
16 7 9372
16 6 3486
16 5 4490
16 4 2326
16 3 7386
16 2 460
16 1 3976
15 60 9248
15 59 3632
15 58 8286
15 57 9688
15 56 3606
15 55 4472
15 54 4148
15 53 7382
15 52 7066
15 51 8224
15 50 2870
15 49 4278
15 48 5546
15 47 4976
15 46 4242
15 45 8538
15 44 5174
15 43 9268
15 42 6658
15 41 6340
15 40 2462
15 39 3808
15 38 6624
15 37 6836
15 36 2414
15 35 706
15 34 2884
15 33 8018
15 32 7832
15 31 3128
15 30 654
15 29 3682
15 28 9894
15 27 6400
15 26 4904
15 25 8070
15 24 6388
15 23 8314
15 22 1630
15 21 3102
15 20 4090
15 19 458
15 18 9902
15 17 3744
15 16 9742
15 14 2448
15 13 6184
15 12 9816
15 11 1156
15 10 4910
15 9 122
15 8 3762
15 7 1312
15 6 7710
15 5 2532
15 4 5802
15 3 2212
15 2 326
15 1 2520
14 60 5446
14 59 682
14 58 6498
14 57 4288
14 56 5130
14 55 158
14 54 5224
14 53 332
14 52 8394
14 51 6144
14 50 2372
14 49 2328
14 48 866
14 47 3268
14 46 560
14 45 4542
14 44 922
14 43 8694
14 42 986
14 41 9452
14 40 6092
14 39 996
14 38 6802
14 37 9292
14 36 5362
14 35 4012
14 34 8452
14 33 1852
14 32 5318
14 31 164
14 30 3918
14 29 3568
14 28 4438
14 27 3554
14 26 1198
14 25 9588
14 24 3070
14 23 334
14 22 7422
14 21 8490
14 20 7276
14 19 2588
14 18 4474
14 17 4240
14 16 9366
14 15 628
14 13 9492
14 12 3984
14 11 6336
14 10 6288
14 9 946
14 8 1594
14 7 850
14 6 8154
14 5 9924
14 4 9088
14 3 1578
14 2 8208
14 1 8630
13 60 5758
13 59 6216
13 58 9518
13 57 976
13 56 4572
13 55 5578
13 54 8576
13 53 9536
13 52 5910
13 51 5034
13 50 4582
13 49 2330
13 48 9590
13 47 3084
13 46 7964
13 45 98
13 44 1606
13 43 7670
13 42 2400
13 41 7314
13 40 6360
13 39 272
13 38 7568
13 37 7162
13 36 3278
13 35 5802
13 34 6996
13 33 4732
13 32 6900
13 31 4264
13 30 9040
13 29 936
13 28 3990
13 27 8770
13 26 7242
13 25 8004
13 24 4586
13 23 830
13 22 8820
13 21 9104
13 20 4570
13 19 924
13 18 5438
13 17 5790
13 16 9040
13 15 1294
13 14 1872
13 12 1600
13 11 9564
13 10 1470
13 9 3926
13 8 3258
13 7 1290
13 6 5392
13 5 2776
13 4 6494
13 3 6814
13 2 1440
13 1 5362
12 60 1600
12 59 5100
12 58 5564
12 57 4304
12 56 7836
12 55 354
12 54 4752
12 53 6456
12 52 1742
12 51 9594
12 50 4146
12 49 5776
12 48 4884
12 47 3068
12 46 8826
12 45 5188
12 44 4696
12 43 770
12 42 4908
12 41 7998
12 40 7152
12 39 448
12 38 9250
12 37 4598
12 36 7792
12 35 1972
12 34 1336
12 33 3708
12 32 8920
12 31 2728
12 30 98
12 29 5876
12 28 700
12 27 3738
12 26 1784
12 25 2594
12 24 6814
12 23 7774
12 22 8472
12 21 7786
12 20 2066
12 19 6970
12 18 6600
12 17 570
12 16 864
12 15 7884
12 14 5094
12 13 1812
12 11 8268
12 10 3800
12 9 4334
12 8 2836
12 7 8526
12 6 6956
12 5 4420
12 4 6832
12 3 5246
12 2 4562
12 1 4586
11 60 2622
11 59 4880
11 58 3016
11 57 4764
11 56 554
11 55 5920
11 54 1316
11 53 2562
11 52 2704
11 51 966
11 50 7270
11 49 3790
11 48 8604
11 47 8296
11 46 5574
11 45 7520
11 44 4206
11 43 4322
11 42 2454
11 41 8104
11 40 6720
11 39 6774
11 38 896
11 37 2506
11 36 796
11 35 8828
11 34 1470
11 33 3046
11 32 7706
11 31 5334
11 30 116
11 29 140
11 28 7256
11 27 9528
11 26 536
11 25 3254
11 24 1326
11 23 9262
11 22 2322
11 21 7752
11 20 4072
11 19 3018
11 18 812
11 17 3996
11 16 3332
11 15 3592
11 14 7740
11 13 4114
11 12 9064
11 10 7888
11 9 9608
11 8 3436
11 7 9728
11 6 5692
11 5 8622
11 4 4062
11 3 980
11 2 9806
11 1 2244
10 60 1208
10 59 5114
10 58 4012
10 57 1900
10 56 2978
10 55 8220
10 54 4282
10 53 1370
10 52 4106
10 51 3686
10 50 2696
10 49 6394
10 48 42
10 47 4974
10 46 7536
10 45 4784
10 44 9850
10 43 9818
10 42 7804
10 41 1482
10 40 8622
10 39 3472
10 38 9742
10 37 134
10 36 7732
10 35 6178
10 34 1944
10 33 8488
10 32 8444
10 31 2930
10 30 4982
10 29 8742
10 28 7086
10 27 6304
10 26 4862
10 25 7992
10 24 7156
10 23 9412
10 22 4922
10 21 9492
10 20 8788
10 19 2318
10 18 4552
10 17 9614
10 16 2184
10 15 3382
10 14 6064
10 13 8764
10 12 7874
10 11 9774
10 9 5804
10 8 4856
10 7 5124
10 6 640
10 5 1816
10 4 5864
10 3 7034
10 2 2818
10 1 9842
9 60 7850
9 59 8330
9 58 6698
9 57 94
9 56 9294
9 55 5556
9 54 166
9 53 632
9 52 1004
9 51 6772
9 50 2408
9 49 2870
9 48 2922
9 47 2092
9 46 9618
9 45 458
9 44 5844
9 43 7316
9 42 5522
9 41 7492
9 40 836
9 39 2176
9 38 9036
9 37 926
9 36 7486
9 35 7470
9 34 7652
9 33 306
9 32 9404
9 31 7220
9 30 3556
9 29 1250
9 28 4880
9 27 1650
9 26 1450
9 25 2050
9 24 1834
9 23 8404
9 22 5654
9 21 4632
9 20 3960
9 19 7044
9 18 7168
9 17 1750
9 16 1322
9 15 2770
9 14 5174
9 13 6748
9 12 1176
9 11 7470
9 10 8638
9 8 8076
9 7 5868
9 6 1866
9 5 2776
9 4 2150
9 3 4636
9 2 6462
9 1 3742
8 60 7304
8 59 4248
8 58 1538
8 57 2076
8 56 7116
8 55 258
8 54 4718
8 53 5182
8 52 9574
8 51 2134
8 50 3138
8 49 2540
8 48 8802
8 47 7308
8 46 2294
8 45 9472
8 44 7886
8 43 2156
8 42 4834
8 41 6874
8 40 4562
8 39 9528
8 38 6798
8 37 1856
8 36 8852
8 35 7980
8 34 4254
8 33 2736
8 32 3118
8 31 8726
8 30 2
8 29 6290
8 28 5198
8 27 8310
8 26 3248
8 25 5882
8 24 6458
8 23 3834
8 22 9044
8 21 3200
8 20 8816
8 19 7584
8 18 2292
8 17 208
8 16 1372
8 15 2634
8 14 9064
8 13 6630
8 12 4560
8 11 2170
8 10 4696
8 9 9902
8 7 7146
8 6 8966
8 5 6070
8 4 5366
8 3 6770
8 2 4538
8 1 4786
7 60 6794
7 59 7438
7 58 674
7 57 8546
7 56 248
7 55 5424
7 54 1796
7 53 6176
7 52 3778
7 51 9764
7 50 6964
7 49 8810
7 48 3118
7 47 4878
7 46 4344
7 45 566
7 44 582
7 43 854
7 42 2544
7 41 6806
7 40 2274
7 39 9702
7 38 4904
7 37 4522
7 36 7396
7 35 5696
7 34 9442
7 33 2188
7 32 1862
7 31 2224
7 30 2100
7 29 2124
7 28 3982
7 27 5542
7 26 3120
7 25 9644
7 24 7300
7 23 7508
7 22 5898
7 21 8642
7 20 5356
7 19 6790
7 18 6140
7 17 2674
7 16 9342
7 15 9922
7 14 2380
7 13 6990
7 12 5772
7 11 504
7 10 6214
7 9 5000
7 8 1648
7 6 7836
7 5 320
7 4 5966
7 3 7044
7 2 6082
7 1 9280
6 60 9440
6 59 3454
6 58 8744
6 57 2240
6 56 4634
6 55 7936
6 54 1710
6 53 186
6 52 1796
6 51 2000
6 50 3390
6 49 544
6 48 4896
6 47 5210
6 46 3394
6 45 1716
6 44 7500
6 43 7300
6 42 9440
6 41 3600
6 40 7648
6 39 118
6 38 2308
6 37 8558
6 36 168
6 35 9754
6 34 3656
6 33 8664
6 32 506
6 31 7220
6 30 4200
6 29 4536
6 28 3734
6 27 6974
6 26 9824
6 25 692
6 24 334
6 23 4072
6 22 1400
6 21 5690
6 20 4114
6 19 8072
6 18 8648
6 17 8480
6 16 7790
6 15 1238
6 14 1670
6 13 6156
6 12 5084
6 11 1626
6 10 376
6 9 8680
6 8 9046
6 7 1496
6 5 8410
6 4 9988
6 3 4692
6 2 7142
6 1 3524
5 60 9194
5 59 996
5 58 1004
5 57 4480
5 56 7038
5 55 5370
5 54 8062
5 53 2604
5 52 8918
5 51 9840
5 50 4358
5 49 974
5 48 3676
5 47 1414
5 46 8964
5 45 2214
5 44 4314
5 43 3210
5 42 6520
5 41 9688
5 40 6532
5 39 338
5 38 5744
5 37 5518
5 36 5908
5 35 3540
5 34 5700
5 33 924
5 32 2984
5 31 1030
5 30 1356
5 29 8784
5 28 4288
5 27 7492
5 26 6180
5 25 3834
5 24 2902
5 23 2880
5 22 6602
5 21 7160
5 20 3016
5 19 4702
5 18 192
5 17 4748
5 16 6064
5 15 6188
5 14 4238
5 13 3948
5 12 6440
5 11 2306
5 10 9560
5 9 5332
5 8 5014
5 7 6596
5 6 7252
5 4 5884
5 3 6924
5 2 9654
5 1 8816
4 60 3132
4 59 5812
4 58 2498
4 57 8810
4 56 6754
4 55 3966
4 54 4118
4 53 8138
4 52 7670
4 51 2974
4 50 1162
4 49 6994
4 48 9784
4 47 8464
4 46 4492
4 45 4472
4 44 6800
4 43 9526
4 42 8914
4 41 2232
4 40 6388
4 39 5722
4 38 8960
4 37 5920
4 36 3962
4 35 5762
4 34 7560
4 33 2488
4 32 4334
4 31 9620
4 30 2886
4 29 7352
4 28 7036
4 27 2700
4 26 5696
4 25 6778
4 24 1466
4 23 48
4 22 3698
4 21 8288
4 20 1650
4 19 202
4 18 5528
4 17 5864
4 16 3978
4 15 1832
4 14 2648
4 13 2894
4 12 8414
4 11 7162
4 10 6472
4 9 1318
4 8 8422
4 7 6674
4 6 94
4 5 3186
4 3 2778
4 2 9292
4 1 832
3 60 5760
3 59 9210
3 58 940
3 57 9166
3 56 5232
3 55 5090
3 54 2654
3 53 8650
3 52 5666
3 51 5652
3 50 6924
3 49 2168
3 48 642
3 47 9182
3 46 4142
3 45 8804
3 44 3180
3 43 6886
3 42 1188
3 41 4808
3 40 2962
3 39 3594
3 38 1202
3 37 9794
3 36 2828
3 35 4418
3 34 392
3 33 200
3 32 7392
3 31 4512
3 30 6048
3 29 558
3 28 9766
3 27 5096
3 26 4686
3 25 8782
3 24 9764
3 23 9718
3 22 962
3 21 6736
3 20 8378
3 19 6228
3 18 972
3 17 136
3 16 8210
3 15 6624
3 14 3688
3 13 9494
3 12 1966
3 11 7782
3 10 1382
3 9 3172
3 8 6562
3 7 6748
3 6 1104
3 5 3380
3 4 1590
3 2 6234
3 1 2444
2 60 4748
2 59 4664
2 58 4144
2 57 2534
2 56 5818
2 55 6530
2 54 9952
2 53 1614
2 52 6350
2 51 2090
2 50 6528
2 49 1022
2 48 9588
2 47 9882
2 46 6342
2 45 4386
2 44 386
2 43 5702
2 42 3250
2 41 3638
2 40 6078
2 39 3154
2 38 7506
2 37 1290
2 36 3582
2 35 2104
2 34 1710
2 33 6706
2 32 6532
2 31 6668
2 30 9698
2 29 604
2 28 994
2 27 6976
2 26 9022
2 25 4370
2 24 6130
2 23 3596
2 22 4500
2 21 6818
2 20 9026
2 19 9436
2 18 3866
2 17 6170
2 16 2224
2 15 6120
2 14 1498
2 13 6176
2 12 3242
2 11 188
2 10 1352
2 9 5684
2 8 2166
2 7 4562
2 6 7368
2 5 7742
2 4 1864
2 3 2646
2 1 4736
1 60 4146
1 59 1060
1 58 5218
1 57 7586
1 56 9446
1 55 5374
1 54 1434
1 53 5820
1 52 6398
1 51 7206
1 50 1184
1 49 6788
1 48 7804
1 47 5204
1 46 4614
1 45 8008
1 44 7990
1 43 4736
1 42 9786
1 41 8700
1 40 8700
1 39 1404
1 38 7782
1 37 9570
1 36 8326
1 35 3682
1 34 204
1 33 6482
1 32 872
1 31 3374
1 30 712
1 29 8360
1 28 9256
1 27 3928
1 26 5680
1 25 4800
1 24 5288
1 23 8122
1 22 7916
1 21 4776
1 20 3834
1 19 2728
1 18 9636
1 17 568
1 16 8916
1 15 2976
1 14 4376
1 13 3844
1 12 6458
1 11 6236
1 10 4236
1 9 8472
1 8 5448
1 7 8578
1 6 6028
1 5 8442
1 4 7152
1 3 5928
1 2 5488
