80 1131 2
37 79 9772
37 78 9040
37 76 1862
37 75 7502
37 74 1460
37 73 5684
37 72 2336
37 71 8870
37 70 2726
37 69 7282
37 65 1156
37 64 2986
37 63 1008
37 62 3534
37 61 5750
37 59 8478
37 58 2734
37 57 4190
37 56 7528
37 55 2516
37 54 698
37 53 7124
37 52 3660
37 51 5714
37 49 2358
37 44 3372
37 43 4994
37 42 6138
37 41 8452
37 40 6506
37 38 5422
36 79 7330
36 76 2914
36 74 9558
36 73 9104
36 72 1452
36 71 2380
36 70 6712
36 69 5478
36 68 3428
36 66 6800
36 65 4064
36 64 9778
36 63 2942
36 62 1888
36 60 6872
36 56 7354
36 54 5816
36 53 2278
36 52 9184
36 50 2630
36 48 4062
36 47 9794
36 46 9638
36 45 8434
36 44 3232
36 42 7454
36 41 6422
36 39 8040
35 79 9618
35 77 726
35 76 6408
35 75 7968
35 74 2484
35 73 9294
35 72 8976
35 71 9322
35 70 5300
35 69 9618
35 67 2670
35 66 1108
35 65 5618
35 64 5864
35 63 2212
35 62 5314
35 58 5806
35 57 1022
35 55 2054
35 52 6500
35 51 8376
35 50 5402
35 47 1914
35 46 298
35 44 5698
35 42 9536
35 41 8592
35 40 6302
35 39 1296
35 37 9562
35 36 6672
34 79 1796
34 78 2482
34 71 9782
34 69 334
34 67 9698
34 65 4282
34 63 3754
34 62 5724
34 61 4638
34 60 3106
34 56 8166
34 53 2
34 51 2034
34 49 1474
34 47 2172
34 44 7876
34 43 5654
34 41 6442
34 40 6952
34 39 2796
34 37 294
34 36 6470
34 35 1378
33 79 6674
33 77 5086
33 75 1430
33 74 9666
33 71 9744
33 66 2018
33 65 9062
33 63 5812
33 62 2460
33 60 4772
33 57 5884
33 56 3656
33 55 8654
33 54 9680
33 53 5326
33 49 5748
33 48 8684
33 47 5334
33 46 4866
33 45 1364
33 44 816
33 43 5184
33 42 8046
33 40 2234
33 39 4972
33 38 5680
33 36 1596
33 34 1150
32 78 2542
32 77 9576
32 76 4966
32 75 9744
32 73 2400
32 72 2876
32 69 2388
32 68 634
32 67 5112
32 66 5870
32 63 16
32 62 3796
32 61 6298
32 59 2680
32 57 5774
32 56 7612
32 55 7260
32 52 9622
32 51 2682
32 50 2682
32 49 1596
32 47 8424
32 43 9258
32 39 5230
32 38 3568
32 34 5016
32 33 702
31 79 9542
31 72 6602
31 69 1788
31 68 1732
31 67 3590
31 66 6422
31 65 7318
31 63 8664
31 60 2116
31 58 6980
31 57 9800
31 56 4608
31 55 7796
31 52 3050
31 51 1664
31 50 8482
31 49 9978
31 46 1264
31 42 5920
31 41 3564
31 40 5320
31 39 2282
31 37 1540
31 35 1602
31 33 6466
31 32 604
30 77 150
30 76 1888
30 70 1040
30 69 426
30 66 6964
30 65 8426
30 60 6662
30 58 5756
30 57 2688
30 55 9292
30 53 9362
30 51 3196
30 49 9226
30 48 9712
30 45 4580
30 43 2974
30 41 8254
30 39 8018
30 38 8874
30 37 3098
30 36 1180
30 35 8142
30 34 1048
30 32 7918
30 31 2250
29 78 9318
29 77 446
29 76 4264
29 72 4636
29 70 8698
29 67 6862
29 66 2262
29 64 2096
29 63 824
29 60 812
29 59 7550
29 58 9462
29 57 1812
29 56 6440
29 55 2848
29 53 2238
29 52 4766
29 51 1444
29 50 3772
29 49 8094
29 47 6976
29 46 4302
29 45 8440
29 44 5124
29 43 9668
29 41 1520
29 39 9888
29 38 4656
29 37 4876
29 36 8300
29 34 2184
29 32 5514
29 31 158
29 30 6116
28 76 2546
28 74 8364
28 73 8688
28 71 4648
28 70 590
28 67 6520
28 66 8790
28 65 3686
28 63 726
28 62 9136
28 61 7714
28 60 3208
28 58 1782
28 57 7062
28 55 5286
28 54 7736
28 52 5666
28 51 6786
28 50 9736
28 49 2262
28 48 7882
28 43 8840
28 41 6424
28 40 3530
28 38 5122
28 32 6160
28 31 924
28 30 8906
27 78 392
27 77 8344
27 76 402
27 74 942
27 73 4266
27 71 3968
27 70 458
27 69 8978
27 68 2172
27 66 5516
27 65 8078
27 64 8434
27 62 4040
27 61 8266
27 59 3078
27 58 8434
27 57 2498
27 55 2188
27 54 7282
27 51 1096
27 50 7650
27 49 1166
27 48 9826
27 47 392
27 44 8028
27 43 2426
27 41 2442
27 39 3852
27 36 444
27 33 5884
27 30 8178
27 29 9870
26 78 2814
26 76 9504
26 75 1666
26 74 4004
26 73 4848
26 72 4288
26 71 6756
26 70 5620
26 62 9450
26 55 7572
26 54 8048
26 52 4516
26 50 5198
26 47 8016
26 45 9532
26 44 6382
26 43 5958
26 42 4
26 41 9378
26 40 274
26 39 7320
26 37 3466
26 33 1816
26 32 7900
26 30 8814
26 29 3972
25 78 3830
25 77 7336
25 76 8270
25 74 570
25 73 4210
25 71 9428
25 70 1800
25 69 9190
25 67 7136
25 64 2696
25 62 3434
25 61 8208
25 59 4258
25 55 9982
25 53 2392
25 50 5866
25 48 2354
25 46 7436
25 43 7696
25 41 2578
25 40 3290
25 38 3662
25 36 5908
25 35 4358
25 34 5468
25 33 6884
25 32 2044
25 30 9194
25 26 9784
24 77 8404
24 76 8470
24 74 6810
24 73 8486
24 71 724
24 70 8624
24 69 4568
24 68 1940
24 66 9062
24 63 8232
24 62 4908
24 61 6942
24 60 9822
24 57 4046
24 56 7724
24 54 1198
24 52 5558
24 50 7708
24 49 9790
24 48 7098
24 46 6012
24 45 4858
24 42 5508
24 37 332
24 35 3908
24 34 8368
24 33 6994
24 32 1258
24 26 306
23 78 7192
23 77 3594
23 76 9772
23 75 5314
23 74 9562
23 73 580
23 72 1770
23 71 3214
23 67 1574
23 66 6074
23 61 6714
23 60 9702
23 59 6778
23 58 7888
23 57 1966
23 55 3052
23 54 5264
23 50 3156
23 49 8354
23 48 7088
23 46 5068
23 44 2848
23 43 3398
23 42 1318
23 36 9298
23 35 8846
23 34 6568
23 33 1514
23 32 9440
23 31 652
23 30 3166
23 28 496
23 27 1324
23 25 2596
23 24 2666
22 79 6734
22 77 1228
22 75 8984
22 74 1442
22 73 7940
22 72 2012
22 70 7648
22 69 1562
22 66 6174
22 65 9578
22 56 1682
22 55 3448
22 54 302
22 53 1700
22 50 2198
22 48 138
22 46 7560
22 45 7266
22 44 9566
22 42 8858
22 41 5482
22 40 7078
22 39 1176
22 38 3712
22 35 4690
22 33 5774
22 32 7556
22 31 148
22 30 4138
22 29 4712
22 27 7810
22 23 4198
21 79 1964
21 78 2712
21 75 7680
21 74 4004
21 72 2512
21 71 4248
21 70 9838
21 67 372
21 66 5322
21 64 7746
21 61 7596
21 60 7004
21 58 2736
21 57 5492
21 56 6488
21 55 6210
21 53 2426
21 51 9764
21 49 8668
21 39 1524
21 36 178
21 33 248
21 27 4700
21 26 9366
21 24 5646
21 22 214
20 78 5488
20 77 7934
20 76 1780
20 75 6376
20 72 3150
20 71 3590
20 70 9302
20 67 9548
20 66 5000
20 65 7580
20 63 1454
20 62 9084
20 61 7496
20 58 3956
20 55 9482
20 54 3638
20 53 2440
20 52 5692
20 50 3378
20 49 6462
20 46 2782
20 44 3564
20 42 4016
20 38 356
20 37 48
20 34 1392
20 30 376
20 29 2036
20 28 4464
20 27 2446
20 26 3806
20 24 9924
20 23 5144
20 22 1698
20 21 7830
19 78 412
19 76 6470
19 72 8150
19 66 4608
19 64 6036
19 62 9420
19 61 3012
19 59 196
19 56 5772
19 54 5604
19 53 2764
19 51 6746
19 49 8268
19 47 8492
19 42 7970
19 38 7368
19 36 9836
19 35 6168
19 32 3884
19 30 2468
19 28 7656
19 27 4260
19 23 8980
19 22 6338
19 20 8872
18 79 3166
18 77 2688
18 75 7096
18 67 5062
18 62 1664
18 60 4964
18 59 3922
18 58 3296
18 57 2808
18 52 9558
18 51 5830
18 49 2754
18 48 9876
18 46 1106
18 43 6684
18 39 5524
18 38 2060
18 37 352
18 35 564
18 33 4412
18 32 4850
18 31 4724
18 29 9688
18 20 7832
17 79 2658
17 78 2662
17 76 5524
17 74 9552
17 72 172
17 71 3178
17 70 9728
17 66 2516
17 63 7006
17 59 2436
17 57 1928
17 56 6394
17 55 1090
17 51 8956
17 50 2784
17 49 9098
17 46 1520
17 45 6510
17 42 8320
17 41 114
17 40 6852
17 39 7048
17 36 4812
17 35 7910
17 34 4136
17 33 136
17 32 662
17 27 4752
17 25 4926
17 24 3002
17 21 5356
17 18 5256
16 75 4502
16 74 2544
16 72 4502
16 67 9646
16 66 728
16 65 1854
16 60 6706
16 57 7780
16 56 2288
16 55 6204
16 53 4900
16 50 5886
16 48 4116
16 45 324
16 43 5396
16 40 9534
16 35 5200
16 32 5740
16 29 7086
16 28 3662
16 26 5928
16 24 5878
16 23 1182
16 21 7366
15 79 3228
15 77 6292
15 76 4922
15 71 7238
15 69 98
15 66 5910
15 65 8286
15 64 5348
15 60 5062
15 57 9698
15 54 7346
15 52 2802
15 47 7296
15 46 4914
15 42 6228
15 41 4956
15 40 8534
15 39 6648
15 37 3454
15 35 7008
15 34 1624
15 32 3188
15 31 3918
15 30 7184
15 27 9772
15 24 3476
15 18 1646
15 17 1510
14 79 2514
14 78 4754
14 77 7272
14 75 2380
14 73 7730
14 71 2440
14 70 1042
14 69 4848
14 64 5596
14 63 3146
14 62 9884
14 61 3678
14 60 966
14 59 4972
14 58 8996
14 57 7248
14 56 3344
14 54 8758
14 50 3482
14 48 8884
14 46 4014
14 44 1722
14 43 454
14 42 8656
14 41 8784
14 40 7706
14 38 6844
14 37 7790
14 36 7274
14 35 9778
14 34 3574
14 31 5872
14 27 1856
14 25 8734
14 23 2536
14 21 1064
14 16 2394
13 77 5100
13 76 1770
13 74 6940
13 73 8888
13 72 7028
13 71 4096
13 69 8962
13 67 4730
13 66 6684
13 62 2928
13 59 802
13 58 5544
13 57 7276
13 55 7270
13 53 1592
13 51 7142
13 48 2154
13 47 3484
13 43 1680
13 41 4876
13 38 7260
13 35 852
13 34 6216
13 33 3730
13 31 8972
13 28 4554
13 25 7088
13 23 7050
13 21 4082
13 15 4834
12 79 6736
12 78 3918
12 77 1176
12 76 2840
12 75 4068
12 74 754
12 73 7818
12 70 1024
12 69 4268
12 67 4378
12 66 7780
12 65 2940
12 63 7464
12 60 2164
12 56 2310
12 54 7916
12 53 9916
12 51 7744
12 50 3360
12 49 3644
12 48 9782
12 46 2672
12 45 5494
12 44 8024
12 43 9766
12 42 814
12 40 5788
12 39 40
12 37 1598
12 36 8516
12 35 2774
12 34 2006
12 32 2610
12 30 2540
12 29 5010
12 27 5796
12 25 9870
12 24 6674
12 22 3926
12 19 3502
12 16 4218
12 13 1996
11 78 8970
11 77 7732
11 74 552
11 72 8560
11 71 5136
11 69 2650
11 66 88
11 65 854
11 64 3074
11 60 7704
11 58 192
11 55 9918
11 46 5240
11 44 292
11 43 6820
11 40 9588
11 38 6656
11 36 6062
11 33 3996
11 32 300
11 31 2812
11 30 4050
11 28 7262
11 27 9138
11 24 702
11 20 3992
11 19 3996
11 16 3446
11 13 590
10 76 4836
10 74 8568
10 73 9670
10 72 4732
10 71 586
10 70 9846
10 67 2416
10 66 6190
10 65 6848
10 64 2116
10 63 5960
10 60 8480
10 59 1070
10 58 4332
10 57 7728
10 55 2606
10 54 2420
10 53 7650
10 48 1136
10 47 8896
10 44 2666
10 43 4480
10 42 4028
10 40 5908
10 39 1334
10 36 4318
10 31 4564
10 30 4326
10 26 2384
10 25 4032
10 24 2004
10 23 3782
10 20 5972
10 18 9976
10 17 5228
10 15 6724
10 11 4346
9 79 5176
9 78 396
9 77 9108
9 74 766
9 72 2380
9 65 8860
9 63 9518
9 62 362
9 60 430
9 58 8296
9 55 1210
9 53 9220
9 50 2278
9 48 8064
9 46 5424
9 43 7906
9 41 6484
9 39 6672
9 37 9624
9 36 9718
9 35 6470
9 34 3888
9 31 6718
9 27 2898
9 25 1158
9 23 9686
9 21 6220
9 18 4058
9 16 3612
9 15 5304
9 13 4602
8 79 7102
8 77 8560
8 76 5436
8 74 8926
8 72 6222
8 70 3868
8 66 3484
8 64 8890
8 58 9238
8 57 6254
8 55 5248
8 54 2778
8 53 5058
8 50 256
8 47 4554
8 46 9754
8 43 4066
8 42 2748
8 40 194
8 38 8952
8 34 1314
8 29 4474
8 25 2928
8 23 7088
8 19 1488
8 18 7506
8 16 5196
8 13 6338
7 77 5552
7 76 2378
7 69 8858
7 68 4492
7 67 2724
7 63 1138
7 61 584
7 55 9506
7 54 9918
7 52 8968
7 50 9686
7 47 2572
7 44 9686
7 39 4148
7 36 8224
7 32 5546
7 31 8536
7 30 6656
7 29 3806
7 23 8016
7 21 654
7 19 6398
7 17 6386
7 16 3100
7 15 9900
7 9 2446
7 8 1156
6 79 3762
6 78 2532
6 76 326
6 73 682
6 71 332
6 70 2372
6 65 3266
6 63 9450
6 62 6800
6 61 4012
6 59 5318
6 57 3566
6 55 1198
6 50 334
6 49 7276
6 46 4240
6 42 6288
6 38 9086
6 36 9516
6 34 5576
6 31 2328
6 30 7962
6 28 6360
6 27 7160
6 23 6994
6 20 4262
6 17 3990
6 16 8818
6 15 924
6 14 9038
6 13 1600
6 12 3926
6 11 5392
6 9 1600
6 8 4304
6 7 9592
5 78 4884
5 77 5188
5 76 4908
5 75 7790
5 74 3708
5 71 98
5 69 6812
5 67 7784
5 64 6598
5 63 7884
5 62 8266
5 59 2836
5 58 4420
5 57 4560
5 55 554
5 49 2562
5 47 8294
5 45 8102
5 43 896
5 42 8826
5 41 140
5 35 9260
5 34 4072
5 33 3994
5 32 7886
5 31 9726
5 30 4010
5 29 8218
5 28 4104
5 23 6394
5 22 7534
5 20 9816
5 18 134
5 15 1944
5 12 2930
5 8 7084
5 6 7990
4 78 4922
4 77 2318
4 76 2184
4 74 5804
4 72 7034
4 70 166
4 69 6770
4 62 456
4 61 5520
4 59 2174
4 58 306
4 57 3556
4 54 1834
4 53 4630
4 52 2768
4 51 1176
4 50 8074
4 49 2776
4 48 4246
4 47 7114
4 46 5180
4 44 3136
4 43 7306
4 42 6874
4 41 7978
4 39 6288
4 36 3246
4 29 3834
4 27 8814
4 25 208
4 23 2170
4 22 7146
4 20 5364
4 18 4786
4 17 674
4 16 3778
4 12 8808
4 11 4344
4 9 9440
4 7 3982
4 6 9642
4 5 5898
3 78 6790
3 77 6990
3 75 6214
3 74 7042
3 73 2240
3 65 1710
3 63 1716
3 61 118
3 59 168
3 55 8662
3 52 4200
3 50 6972
3 48 334
3 47 8646
3 46 1238
3 45 5082
3 44 8678
3 40 8410
3 39 7140
3 37 996
3 35 7038
3 29 2604
3 27 4358
3 26 9686
3 23 5742
3 22 3540
3 21 2982
3 20 8782
3 18 6178
3 9 2880
3 8 3016
3 5 4238
2 77 2306
2 75 5012
2 73 5884
2 72 2498
2 68 3964
2 67 7668
2 65 6992
2 63 4492
2 59 9524
2 58 6388
2 57 5920
2 54 7560
2 53 9620
2 52 7036
2 51 6776
2 48 3698
2 47 202
2 45 3978
2 42 2894
2 40 2778
2 37 5758
2 36 9164
2 35 2654
2 34 5650
2 33 8802
2 32 1188
2 29 3594
2 26 2828
2 24 200
2 19 6048
2 17 5096
2 15 9762
2 14 6734
2 13 6624
2 12 1966
2 11 3172
2 3 4662
1 78 5818
1 77 1614
1 76 6526
1 74 9880
1 70 386
1 68 7504
1 62 604
1 60 9020
1 59 3594
1 56 1498
1 55 188
1 43 4736
1 42 5218
1 40 5372
1 39 6398
1 38 6788
1 35 4614
1 32 4736
1 30 9568
1 26 204
1 23 3374
1 22 9254
1 20 4798
1 19 7916
1 14 8916
1 13 4236
1 5 8578
1 4 7150
